ENV	REP	GEN	FFT	MFT	ASI	EPP	GY
E1	1	1	66	62	4	12	1.91
E2	1	1	62	61	1	18	6.63
E3	1	1	69	66	3	13	3.63
E4	1	1	70	69	1	15	5.6
E5	1	1	63	50	13	7	0.97
E6	1	1	55	52	3	15	4.64
E7	1	1	54	51	3	13	4.5
E8	1	1	56	53	3	7	2.55
E1	2	1	65	63	2	12	3.6
E2	2	1	63	62	1	16	5.53
E3	2	1	70	67	3	13	3.38
E5	2	1	52	48	4	9	2.31
E6	2	1	53	50	3	14	6.05
E7	2	1	53	51	2	14	5.27
E1	3	1	68	62	6	9	1.61
E3	3	1	70	67	3	10	3.67
E7	3	1	56	52	4	14	5
E1	1	3	62	62	0	11	4.8
E2	1	3	70	68	2	19	7.42
E3	1	3	72	70	2	11	2.11
E4	1	3	68	67	1	15	8.21
E5	1	3	61	57	4	9	2.71
E6	1	3	54	52	2	13	5.67
E7	1	3	52	50	2	13	4.58
E8	1	3	51	49	2	12	5.45
E1	2	3	63	61	2	10	4.42
E2	2	3	67	65	2	20	7.41
E3	2	3	70	66	4	15	2.83
E5	2	3	51	47	4	11	3.64
E6	2	3	53	51	2	18	7.03
E7	2	3	51	49	2	10	3.9
E1	3	3	62	61	1	6	3.26
E3	3	3	69	67	2	16	4.41
E7	3	3	54	52	2	15	4.52
E1	1	4	61	62	-1	16	7.74
E2	1	4	65	67	-2	19	6.8
E3	1	4	67	65	2	11	3.87
E4	1	4	66	68	-2	19	9.18
E5	1	4	51	49	2	14	5.13
E6	1	4	53	51	2	16	6.63
E7	1	4	50	48	2	21	7.42
E8	1	4	49	47	2	19	6.95
E1	2	4	64	64	0	16	2.95
E2	2	4	68	68	0	20	8.05
E3	2	4	69	66	3	17	3.01
E5	2	4	51	46	5	5	1.52
E6	2	4	52	50	2	15	4.46
E7	2	4	52	49	3	18	3.61
E1	3	4	61	62	-1	14	3.97
E3	3	4	67	65	2	19	5.3
E7	3	4	52	49	3	19	5.89
E1	1	8	62	61	1	17	4.97
E2	1	8	69	69	0	17	4.35
E3	1	8	71	68	3	14	3.85
E4	1	8	66	65	1	20	10.58
E5	1	8	51	49	2	18	6.33
E6	1	8	52	50	2	19	7.74
E7	1	8	50	48	2	24	6.64
E8	1	8	49	47	2	17	5.79
E1	2	8	66	62	4	16	3.24
E2	2	8	66	67	-1	26	2.6
E3	2	8	70	67	3	14	3.68
E5	2	8	51	46	5	18	6.91
E6	2	8	52	50	2	23	9.85
E7	2	8	52	49	3	21	6.87
E1	3	8	66	62	4	16	3.82
E3	3	8	72	69	3	18	4.34
E7	3	8	51	49	2	19	5.87
E1	1	9	66	63	3	16	2.76
E2	1	9	64	61	3	17	4.23
E3	1	9	80	70	10	7	1.29
E4	1	9	68	67	1	14	5.39
E5	1	9	65	50	15	4	0.49
E6	1	9	57	55	2	14	4.73
E7	1	9	55	55	0	18	2.71
E8	1	9	54	51	3	12	3.32
E1	2	9	66	63	3	8	1.68
E2	2	9	66	63	3	14	2.99
E3	2	9	81	67	14	4	0.98
E5	2	9	55	52	3	4	0.43
E6	2	9	53	51	2	14	5.09
E7	2	9	59	55	4	10	1.26
E1	3	9	68	64	4	12	2.7
E3	3	9	74	65	9	19	2.81
E7	3	9	55	53	2	14	4.98
E1	1	10	65	64	1	8	1.6
E2	1	10	70	70	0	18	6.3
E3	1	10	69	68	1	14	3.6
E4	1	10	70	71	-1	14	6.76
E5	1	10	52	51	1	11	3.45
E6	1	10	54	51	3	16	7.21
E7	1	10	53	50	3	21	7.26
E8	1	10	53	50	3	15	5.51
E1	2	10	68	67	1	16	4.03
E2	2	10	68	68	0	20	6.23
E3	2	10	72	69	3	17	2.4
E5	2	10	56	56	0	8	2.42
E6	2	10	53	51	2	14	4.68
E7	2	10	53	51	2	15	4.94
E1	3	10	65	63	2	13	2.91
E3	3	10	72	70	2	18	3.2
E7	3	10	56	54	2	14	4.04
E1	1	11	66	64	2	17	4.31
E2	1	11	67	67	0	22	8.82
E3	1	11	72	70	2	21	3.89
E4	1	11	70	68	2	19	7.67
E5	1	11	51	47	4	14	4.7
E6	1	11	52	50	2	20	10.75
E7	1	11	50	48	2	21	7.95
E8	1	11	49	47	2	15	5.17
E1	2	11	67	66	1	14	3.33
E2	2	11	66	65	1	17	7.49
E3	2	11	69	68	1	23	4.93
E5	2	11	51	49	2	13	4.11
E6	2	11	54	52	2	24	7.8
E7	2	11	51	49	2	22	8.8
E1	3	11	66	65	1	15	5.07
E3	3	11	74	71	3	20	3.7
E7	3	11	50	48	2	17	6.04
E1	1	13	65	62	3	17	2.97
E2	1	13	64	63	1	19	8.51
E3	1	13	71	66	5	16	4.15
E4	1	13	71	68	3	23	6.67
E5	1	13	69	55	14	2	0.37
E6	1	13	57	55	2	10	5.43
E7	1	13	54	51	3	20	4.74
E8	1	13	53	50	3	22	7.05
E1	2	13	65	62	3	10	1.84
E2	2	13	65	64	1	16	5.87
E3	2	13	67	64	3	20	5.77
E5	2	13	55	48	7	8	1.52
E6	2	13	57	54	3	16	6.8
E7	2	13	53	51	2	17	5.52
E1	3	13	72	66	6	8	2.13
E3	3	13	69	66	3	17	3.26
E7	3	13	55	53	2	18	5.54
E1	1	15	67	64	3	15	3.3
E2	1	15	66	66	0	17	5.13
E3	1	15	75	71	4	8	1.84
E4	1	15	69	68	1	19	6.77
E5	1	15	51	49	2	16	4.63
E6	1	15	56	54	2	23	9.83
E7	1	15	52	49	3	17	5.83
E8	1	15	53	50	3	20	7.49
E1	2	15	67	66	1	15	5.02
E2	2	15	69	67	2	18	5.58
E3	2	15	73	70	3	11	1.86
E5	2	15	51	51	0	18	6.05
E6	2	15	57	55	2	22	8.29
E7	2	15	53	51	2	19	5.66
E1	3	15	67	65	2	14	4.11
E3	3	15	71	68	3	16	3.45
E7	3	15	52	50	2	18	5.45
E1	1	16	67	63	4	9	2.28
E2	1	16	65	64	1	19	7.03
E3	1	16	71	68	3	18	3.8
E4	1	16	70	70	0	19	8.44
E5	1	16	64	60	4	13	2.49
E6	1	16	57	53	4	16	7.78
E7	1	16	55	53	2	19	6.25
E8	1	16	53	51	2	20	9.3
E1	2	16	64	64	0	13	5.9
E2	2	16	64	63	1	17	7.66
E3	2	16	71	69	2	16	5.5
E5	2	16	65	55	10	21	3.47
E6	2	16	53	50	3	18	7.73
E7	2	16	54	53	1	16	4.67
E1	3	16	65	64	1	15	5
E3	3	16	75	70	5	16	3.71
E7	3	16	59	55	4	21	5.32
E1	1	17	67	66	1	4	1.65
E2	1	17	63	63	0	17	5.96
E3	1	17	72	69	3	12	3.64
E4	1	17	71	69	2	17	6.06
E5	1	17	52	50	2	12	3.83
E6	1	17	54	52	2	14	5.54
E7	1	17	53	50	3	20	6.59
E8	1	17	54	51	3	15	5.33
E1	2	17	69	67	2	8	2.51
E2	2	17	63	62	1	18	5.84
E3	2	17	75	71	4	20	4.43
E5	2	17	64	55	9	11	1.77
E6	2	17	50	48	2	18	7.86
E7	2	17	55	53	2	19	5.1
E1	3	17	67	66	1	13	3.8
E3	3	17	70	70	0	17	4.45
E7	3	17	52	52	0	21	7.14
E1	1	18	62	64	-2	10	3.39
E2	1	18	63	63	0	15	5.74
E3	1	18	69	68	1	17	3.89
E4	1	18	70	70	0	13	4.35
E5	1	18	52	50	2	12	3.68
E6	1	18	56	53	3	16	6.06
E7	1	18	53	49	4	22	6.35
E8	1	18	54	51	3	14	5.45
E1	2	18	63	63	0	11	3.72
E2	2	18	62	63	-1	15	5.18
E3	2	18	71	69	2	13	3.14
E5	2	18	55	51	4	6	1.24
E6	2	18	54	51	3	17	6.48
E7	2	18	54	51	3	19	5.02
E1	3	18	63	63	0	9	3.59
E3	3	18	72	68	4	22	3
E7	3	18	54	52	2	21	5.7
E1	1	19	65	64	1	12	3.86
E2	1	19	63	61	2	17	7.54
E3	1	19	71	68	3	15	2.96
E4	1	19	69	68	1	14	6.83
E5	1	19	51	50	1	12	3.86
E6	1	19	57	54	3	14	5.97
E7	1	19	52	50	2	23	5.96
E8	1	19	54	51	3	15	4.9
E1	2	19	65	63	2	14	4.83
E2	2	19	65	64	1	20	5.94
E3	2	19	69	68	1	11	3.23
E5	2	19	65	55	10	7	1.53
E6	2	19	53	50	3	16	5.67
E7	2	19	53	52	1	21	5.17
E1	3	19	64	64	0	14	4.69
E3	3	19	75	71	4	19	4.01
E7	3	19	57	54	3	18	5.32
E1	1	20	67	65	2	13	3.12
E2	1	20	65	65	0	15	4.75
E3	1	20	72	67	5	15	3.45
E4	1	20	70	68	2	23	8.79
E5	1	20	65	56	9	16	1.84
E6	1	20	59	55	4	12	4.22
E7	1	20	58	53	5	16	4.57
E8	1	20	53	51	2	19	7.99
E1	2	20	65	64	1	6	1.09
E2	2	20	64	62	2	19	6.63
E3	2	20	71	68	3	15	4.63
E5	2	20	52	50	2	16	5.69
E6	2	20	52	50	2	20	10.53
E7	2	20	53	50	3	23	6.96
E1	3	20	66	64	2	14	4.31
E3	3	20	74	68	6	16	3.29
E7	3	20	58	55	3	18	5.04
E1	1	21	62	63	-1	14	4.47
E2	1	21	64	63	1	19	7.02
E3	1	21	70	68	2	20	4.5
E4	1	21	69	69	0	18	7.5
E5	1	21	66	56	10	12	2.96
E6	1	21	55	53	2	15	7.3
E7	1	21	54	53	1	16	4.71
E8	1	21	52	49	3	20	8.04
E1	2	21	62	62	0	14	4.28
E2	2	21	61	62	-1	20	8.12
E3	2	21	70	69	1	17	3
E5	2	21	51	50	1	16	3.52
E6	2	21	55	54	1	16	6.41
E7	2	21	52	51	1	17	5.09
E1	3	21	64	64	0	18	5.41
E3	3	21	72	69	3	18	3.26
E7	3	21	54	52	2	19	5.01
E1	1	22	66	66	0	5	0.89
E2	1	22	66	65	1	10	2.7
E3	1	22	84	72	12	4	0.38
E4	1	22	70	71	-1	13	4.81
E5	1	22	65	55	10	6	0.66
E6	1	22	57	54	3	11	3.72
E7	1	22	61	55	6	13	1.26
E8	1	22	56	53	3	12	3.28
E1	2	22	68	66	2	6	1.47
E2	2	22	64	64	0	12	3
E3	2	22	77	71	6	11	1.56
E5	2	22	66	55	11	8	0.43
E6	2	22	59	55	4	9	2.02
E7	2	22	58	53	5	11	1.63
E1	3	22	67	66	1	4	0.86
E3	3	22	81	74	7	8	0.96
E7	3	22	57	54	3	18	3.49
E1	1	23	71	67	4	7	1.76
E2	1	23	70	68	2	12	3.44
E3	1	23	73	69	4	12	2.5
E4	1	23	67	68	-1	10	5.69
E5	1	23	51	49	2	8	2.78
E6	1	23	54	51	3	24	8.4
E7	1	23	49	47	2	15	4.84
E8	1	23	52	50	2	8	2.06
E1	2	23	61	63	-2	9	3.32
E2	2	23	69	68	1	20	7.87
E3	2	23	69	69	0	17	5.29
E5	2	23	51	51	0	6	1.89
E6	2	23	52	50	2	25	10.52
E7	2	23	51	49	2	10	3.22
E1	3	23	63	64	-1	12	3.68
E3	3	23	68	68	0	14	5.06
E7	3	23	50	47	3	18	5.67
E1	1	29	63	62	1	14	3.7
E2	1	29	64	63	1	18	6.68
E3	1	29	71	69	2	19	5.57
E4	1	29	69	69	0	16	6.65
E5	1	29	55	51	4	6	1.7
E6	1	29	54	50	4	19	7.74
E7	1	29	54	52	2	23	5.72
E8	1	29	52	49	3	17	6.67
E1	2	29	68	63	5	15	5.59
E2	2	29	65	64	1	19	6.3
E3	2	29	71	68	3	10	2.55
E5	2	29	52	48	4	6	1.37
E6	2	29	52	50	2	15	7.36
E7	2	29	55	52	3	19	5.03
E1	3	29	67	63	4	15	2.77
E3	3	29	71	68	3	13	4.17
E7	3	29	55	52	3	17	5.94
E1	1	30	63	63	0	13	3.28
E2	1	30	62	61	1	17	7.79
E3	1	30	71	68	3	17	3.66
E4	1	30	72	70	2	25	7.55
E5	1	30	55	51	4	5	0.6
E6	1	30	53	50	3	13	5.73
E7	1	30	54	52	2	17	4.53
E8	1	30	52	49	3	14	5.4
E1	2	30	62	62	0	13	3.18
E2	2	30	62	61	1	20	6.43
E3	2	30	69	67	2	16	2.82
E5	2	30	51	50	1	5	1.81
E6	2	30	51	50	1	15	6.17
E7	2	30	54	51	3	20	4.85
E1	3	30	62	62	0	11	1.68
E3	3	30	69	68	1	17	4.31
E7	3	30	53	51	2	15	5.43
E1	1	35	63	64	-1	14	3.66
E2	1	35	64	63	1	17	5.54
E3	1	35	70	66	4	15	3.48
E4	1	35	66	65	1	19	7.51
E5	1	35	63	56	7	4	0.84
E6	1	35	60	58	2	18	7.5
E7	1	35	52	50	2	18	6.66
E8	1	35	53	50	3	15	6.2
E1	2	35	64	64	0	10	3.38
E2	2	35	61	61	0	21	7.1
E3	2	35	74	70	4	15	2.67
E5	2	35	52	50	2	3	4.16
E6	2	35	52	50	2	20	9.05
E7	2	35	55	52	3	21	3.81
E1	3	35	64	64	0	10	2.85
E3	3	35	72	67	5	13	2.05
E7	3	35	54	51	3	20	5.67
E1	1	37	61	63	-2	6	2.21
E2	1	37	59	61	-2	21	7.9
E3	1	37	73	67	6	13	2.54
E4	1	37	68	67	1	15	5.69
E5	1	37	50	48	2	15	2.73
E6	1	37	51	50	1	13	5.62
E7	1	37	53	48	5	16	3.32
E8	1	37	53	50	3	15	4.17
E1	2	37	62	62	0	12	4.16
E2	2	37	60	61	-1	14	5.12
E3	2	37	73	68	5	9	1.65
E5	2	37	52	48	4	12	2.79
E6	2	37	50	48	2	20	6.79
E7	2	37	53	49	4	16	4.19
E1	3	37	61	61	0	12	4.01
E3	3	37	67	65	2	10	2.74
E7	3	37	60	56	4	12	1.9
E1	1	40	61	63	-2	11	3.69
E2	1	40	63	65	-2	13	5.48
E3	1	40	70	68	2	16	3.06
E4	1	40	68	67	1	20	4.85
E5	1	40	51	47	4	7	1.45
E6	1	40	56	54	2	14	5.19
E7	1	40	48	46	2	18	5.67
E8	1	40	46	44	2	18	7.35
E1	2	40	61	62	-1	12	3.4
E2	2	40	62	63	-1	21	7.84
E3	2	40	67	65	2	11	2.35
E5	2	40	51	47	4	10	1.96
E6	2	40	49	49	0	20	6.77
E7	2	40	49	47	2	13	3.48
E1	3	40	60	61	-1	2	1.01
E3	3	40	67	67	0	18	5.05
E7	3	40	49	47	2	15	4.51
E1	1	41	63	62	1	13	3.4
E2	1	41	61	61	0	22	8.85
E3	1	41	77	69	8	9	0.54
E4	1	41	68	67	1	22	8.35
E5	1	41	50	50	0	6	1.58
E6	1	41	53	51	2	9	4.78
E7	1	41	52	50	2	19	5.37
E8	1	41	53	50	3	13	3.33
E1	2	41	61	61	0	18	3.69
E2	2	41	61	62	-1	21	7.21
E3	2	41	69	68	1	14	3.58
E5	2	41	55	50	5	4	0.66
E6	2	41	51	49	2	16	7.53
E7	2	41	53	51	2	23	7.04
E1	3	41	60	60	0	18	5.84
E3	3	41	70	68	2	21	4.91
E7	3	41	52	50	2	25	7.28
E1	1	42	63	64	-1	17	7.32
E2	1	42	68	68	0	18	7.6
E3	1	42	67	67	0	14	4.24
E4	1	42	69	69	0	15	7.24
E5	1	42	52	51	1	4	1.81
E6	1	42	56	54	2	13	6.74
E7	1	42	53	51	2	15	4.12
E8	1	42	51	49	2	18	6.79
E1	2	42	64	64	0	15	6.1
E2	2	42	69	69	0	20	7.72
E3	2	42	72	69	3	18	4.14
E5	2	42	51	49	2	19	7.67
E6	2	42	53	50	3	14	7.03
E7	2	42	53	51	2	15	4.52
E1	3	42	63	63	0	19	6.65
E3	3	42	69	69	0	12	4.91
E7	3	42	51	49	2	16	6.09
E1	1	43	62	61	1	11	3.22
E2	1	43	65	63	2	22	7.89
E3	1	43	74	69	5	10	2.31
E4	1	43	69	68	1	12	5.24
E5	1	43	55	50	5	9	2.99
E6	1	43	54	51	3	13	5.02
E7	1	43	53	52	1	18	6.19
E8	1	43	56	53	3	16	5.58
E1	2	43	63	63	0	7	2.77
E2	2	43	62	62	0	16	7.58
E3	2	43	73	67	6	16	4.01
E5	2	43	51	50	1	13	5.35
E6	2	43	53	50	3	12	4.46
E7	2	43	55	53	2	18	4.53
E1	3	43	65	62	3	10	1.56
E3	3	43	70	68	2	13	3.8
E7	3	43	55	54	1	11	4.22
E1	1	44	63	62	1	20	6.98
E2	1	44	69	68	1	25	8.58
E3	1	44	70	69	1	14	5.22
E4	1	44	69	68	1	18	8.75
E5	1	44	52	51	1	8	2.83
E6	1	44	57	55	2	17	8.6
E7	1	44	53	50	3	20	6.8
E8	1	44	51	49	2	17	5.86
E1	2	44	65	64	1	20	5.86
E2	2	44	68	68	0	27	8.77
E3	2	44	73	69	4	15	2.86
E5	2	44	56	51	5	2	0.7
E6	2	44	53	51	2	17	8.28
E7	2	44	53	51	2	20	5.12
E1	3	44	65	64	1	21	7.24
E3	3	44	72	69	3	19	4.99
E7	3	44	56	54	2	20	5.52
E1	1	45	69	66	3	11	2.48
E2	1	45	64	63	1	15	6.06
E3	1	45	75	70	5	17	3.03
E4	1	45	71	69	2	24	10.15
E5	1	45	69	58	11	10	2.35
E6	1	45	60	57	3	14	6.35
E7	1	45	58	53	5	19	4.27
E8	1	45	53	49	4	19	8.32
E1	2	45	67	66	1	14	3.85
E2	2	45	64	61	3	17	4.35
E3	2	45	77	72	5	17	4.21
E5	2	45	65	55	10	10	2.12
E6	2	45	54	50	4	16	7.88
E7	2	45	58	54	4	15	3.82
E1	3	45	67	65	2	12	3.25
E3	3	45	76	71	5	21	4.06
E7	3	45	56	52	4	19	6.22
E1	1	48	65	65	0	13	4.95
E2	1	48	70	69	1	16	7.35
E3	1	48	67	67	0	17	4.93
E4	1	48	71	72	-1	15	7.4
E5	1	48	52	51	1	10	2.77
E6	1	48	53	51	2	18	8.11
E7	1	48	53	51	2	19	6.53
E8	1	48	53	51	2	10	3.68
E1	2	48	69	67	2	12	2.85
E2	2	48	68	67	1	19	7.35
E3	2	48	66	66	0	20	5.14
E5	2	48	51	49	2	21	6.17
E6	2	48	53	51	2	18	8.76
E7	2	48	54	52	2	19	7.24
E1	3	48	66	65	1	14	3.71
E3	3	48	71	69	2	17	4.15
E7	3	48	53	51	2	20	7.28
E1	1	50	65	63	2	9	1.73
E2	1	50	65	63	2	18	6.7
E3	1	50	70	69	1	15	4.33
E4	1	50	68	68	0	17	7.49
E5	1	50	67	55	12	4	0.67
E6	1	50	53	50	3	12	7.51
E7	1	50	53	51	2	15	4.99
E8	1	50	57	54	3	8	2.94
E1	2	50	64	63	1	13	3.31
E2	2	50	61	61	0	14	7.61
E3	2	50	71	69	2	16	4.61
E5	2	50	65	50	15	6	0.78
E6	2	50	55	51	4	14	6.29
E7	2	50	55	53	2	17	4.82
E1	3	50	61	60	1	11	2.41
E3	3	50	72	64	8	17	2.34
E7	3	50	55	52	3	12	3.87
E1	1	53	66	67	-1	14	2.72
E2	1	53	69	70	-1	27	7.51
E3	1	53	71	69	2	20	1.88
E4	1	53	73	73	0	18	4.31
E5	1	53	51	51	0	15	4.89
E6	1	53	62	60	2	18	7.64
E7	1	53	52	49	3	15	4.15
E8	1	53	53	51	2	19	5.33
E1	2	53	66	65	1	20	4.11
E2	2	53	67	67	0	26	7.31
E3	2	53	73	71	2	18	3.18
E5	2	53	52	51	1	18	4.71
E6	2	53	54	52	2	25	9.78
E7	2	53	54	51	3	15	4.42
E1	3	53	67	66	1	14	1.96
E3	3	53	75	72	3	10	0.73
E7	3	53	53	51	2	21	7.33
E1	1	56	68	63	5	10	1.87
E2	1	56	62	61	1	18	5.87
E3	1	56	80	69	11	6	0.63
E4	1	56	68	68	0	13	5.07
E5	1	56	62	56	6	10	2.23
E6	1	56	53	51	2	18	6.61
E7	1	56	53	52	1	16	4.48
E8	1	56	54	51	3	10	3.11
E1	2	56	62	61	1	11	2.44
E2	2	56	64	63	1	15	4.87
E3	2	56	70	66	4	7	1.66
E5	2	56	55	50	5	16	3.89
E6	2	56	53	50	3	16	3.47
E7	2	56	55	52	3	19	5.65
E1	3	56	62	61	1	17	5.33
E3	3	56	70	66	4	13	2.85
E7	3	56	55	53	2	15	4.14
E1	1	57	61	62	-1	18	5.15
E2	1	57	69	69	0	17	5.99
E3	1	57	69	67	2	17	3.93
E4	1	57	65	66	-1	19	7.54
E5	1	57	52	51	1	9	2.61
E6	1	57	57	55	2	12	4.98
E7	1	57	53	51	2	24	7.05
E8	1	57	51	49	2	11	4.29
E1	2	57	62	62	0	18	5.51
E2	2	57	71	70	1	21	6.73
E3	2	57	69	68	1	15	3.39
E5	2	57	56	49	7	13	2.84
E6	2	57	52	50	2	19	6.81
E7	2	57	52	50	2	20	5.37
E1	3	57	63	63	0	18	5.64
E3	3	57	69	67	2	17	3.56
E7	3	57	53	51	2	13	3.78
E1	1	58	66	66	0	13	3.56
E2	1	58	65	63	2	15	6.21
E3	1	58	73	71	2	20	3.5
E4	1	58	71	69	2	18	7.74
E5	1	58	63	51	12	12	2.01
E6	1	58	59	57	2	14	7.64
E7	1	58	55	52	3	19	7.4
E8	1	58	55	52	3	15	7.47
E1	2	58	65	64	1	12	3.47
E2	2	58	65	62	3	22	6.8
E3	2	58	72	69	3	16	3.78
E5	2	58	65	52	13	13	2.08
E6	2	58	58	55	3	12	6.46
E7	2	58	56	54	2	23	8.59
E1	3	58	69	66	3	8	2.95
E3	3	58	73	69	4	17	3.19
E7	3	58	57	53	4	18	4.33
E1	1	59	65	63	2	15	4.73
E2	1	59	63	62	1	21	7.87
E3	1	59	70	65	5	17	3.85
E4	1	59	68	68	0	10	5.61
E5	1	59	50	50	0	5	1.46
E6	1	59	52	50	2	18	8.41
E7	1	59	55	53	2	23	6.55
E8	1	59	54	52	2	14	5.66
E1	2	59	64	62	2	15	3.99
E2	2	59	62	62	0	17	5.59
E3	2	59	72	69	3	17	4.28
E5	2	59	65	52	13	1	0.3
E6	2	59	52	49	3	17	7.97
E7	2	59	54	51	3	18	5.06
E1	3	59	68	63	5	12	1.29
E3	3	59	67	66	1	20	5.57
E7	3	59	55	53	2	22	5.14
E1	1	60	64	63	1	11	2.98
E2	1	60	62	62	0	16	4.98
E3	1	60	70	67	3	16	3.37
E4	1	60	68	67	1	12	4.78
E5	1	60	55	50	5	8	1.01
E6	1	60	55	52	3	17	4.86
E7	1	60	53	50	3	23	6.49
E8	1	60	53	50	3	18	6.01
E1	2	60	63	63	0	11	5.03
E2	2	60	61	61	0	19	6.81
E3	2	60	68	67	1	14	3.96
E5	2	60	56	51	5	11	0.59
E6	2	60	54	52	2	9	3.76
E7	2	60	52	51	1	22	5.84
E1	3	60	64	63	1	14	4.3
E3	3	60	72	69	3	20	3.62
E7	3	60	53	50	3	23	5.36
E1	1	61	67	64	3	10	1.82
E2	1	61	66	66	0	18	4.33
E3	1	61	73	70	3	9	1.64
E4	1	61	72	70	2	14	3.89
E5	1	61	57	56	1	12	3.45
E6	1	61	55	53	2	12	4.67
E7	1	61	53	51	2	14	3.47
E8	1	61	52	50	2	21	7.79
E1	2	61	66	66	0	8	2.4
E2	2	61	66	67	-1	8	1.96
E3	2	61	77	71	6	7	1.01
E5	2	61	53	51	2	12	3.77
E6	2	61	55	53	2	16	6.18
E7	2	61	54	52	2	10	1.75
E1	3	61	64	66	-2	7	2.5
E3	3	61	71	70	1	12	2.11
E7	3	61	53	51	2	13	2.55
E1	1	62	60	60	0	20	6.35
E2	1	62	62	61	1	23	9.13
E3	1	62	68	65	3	21	4.95
E4	1	62	67	65	2	18	6.41
E5	1	62	52	47	5	5	1.35
E6	1	62	60	57	3	15	6.51
E7	1	62	54	51	3	18	5.98
E8	1	62	52	49	3	13	5.75
E1	2	62	60	60	0	13	4.79
E2	2	62	61	60	1	16	7
E3	2	62	67	66	1	16	4.47
E5	2	62	51	50	1	6	1.26
E6	2	62	51	48	3	15	6.9
E7	2	62	54	52	2	20	6.78
E1	3	62	63	61	2	16	4.08
E3	3	62	68	64	4	19	4.24
E7	3	62	55	52	3	10	3.27
E1	1	63	61	61	0	17	6.54
E2	1	63	64	64	0	17	8.44
E3	1	63	63	62	1	20	5.62
E4	1	63	65	65	0	20	10.83
E5	1	63	51	49	2	12	2.46
E6	1	63	52	50	2	19	5.01
E7	1	63	52	49	3	21	5.16
E8	1	63	49	47	2	15	3.93
E1	2	63	63	62	1	14	3.97
E2	2	63	65	64	1	22	10.09
E3	2	63	65	62	3	18	3.97
E5	2	63	51	46	5	16	3.81
E6	2	63	53	50	3	18	7.2
E7	2	63	52	50	2	16	5.24
E1	3	63	59	59	0	22	6.28
E3	3	63	67	64	3	18	4.42
E7	3	63	52	50	2	23	6.58
E1	1	64	63	61	2	15	4.56
E2	1	64	61	61	0	18	7.22
E3	1	64	71	68	3	18	3.83
E4	1	64	67	67	0	12	4.64
E5	1	64	65	50	15	6	1.2
E6	1	64	53	50	3	16	6.87
E7	1	64	54	52	2	21	5.09
E8	1	64	54	51	3	12	4.76
E1	2	64	65	62	3	16	3.21
E2	2	64	65	64	1	16	5.09
E3	2	64	73	66	7	17	3.32
E5	2	64	62	50	12	4	0.9
E6	2	64	51	49	2	19	8.94
E7	2	64	53	51	2	19	6.29
E1	3	64	65	64	1	15	4.43
E3	3	64	72	67	5	15	4.04
E7	3	64	59	55	4	13	4.2
E1	1	65	67	64	3	15	2.1
E2	1	65	65	66	-1	20	6.97
E3	1	65	72	70	2	9	1.12
E4	1	65	66	67	-1	17	6.41
E5	1	65	52	51	1	7	1.79
E6	1	65	55	52	3	15	5.04
E7	1	65	51	49	2	13	4.6
E8	1	65	51	48	3	9	3.15
E1	2	65	63	64	-1	11	3.14
E2	2	65	66	66	0	11	4.51
E3	2	65	71	69	2	15	2.47
E5	2	65	56	49	7	11	2.4
E6	2	65	53	50	3	17	3.63
E7	2	65	52	50	2	13	4.33
E1	3	65	63	63	0	9	2.52
E3	3	65	70	65	5	11	1.16
E7	3	65	52	50	2	16	4.38
E1	1	66	68	65	3	9	2.14
E2	1	66	62	62	0	18	6.72
E3	1	66	73	67	6	20	4.28
E4	1	66	68	66	2	15	7.27
E5	1	66	65	55	10	7	1.79
E6	1	66	61	59	2	16	6.98
E7	1	66	54	50	4	14	5.82
E8	1	66	53	49	4	10	4.72
E1	2	66	64	63	1	13	2.96
E2	2	66	62	62	0	19	6.55
E3	2	66	72	68	4	11	2.5
E5	2	66	63	50	13	9	1.15
E6	2	66	55	54	1	14	7.31
E7	2	66	52	49	3	14	6.99
E1	3	66	66	64	2	11	2.72
E3	3	66	74	71	3	14	2.71
E7	3	66	54	52	2	22	5.94
E1	1	68	60	62	-2	10	3.57
E2	1	68	62	63	-1	13	5.43
E3	1	68	68	66	2	15	4.16
E4	1	68	65	66	-1	16	6.22
E5	1	68	63	55	8	10	2.64
E6	1	68	59	57	2	14	5.83
E7	1	68	53	52	1	18	5.6
E8	1	68	52	49	3	13	3.97
E1	2	68	64	65	-1	9	3.09
E2	2	68	59	61	-2	18	5.9
E3	2	68	71	69	2	17	3.75
E5	2	68	50	50	0	12	3.92
E6	2	68	53	50	3	13	5.43
E7	2	68	53	50	3	20	7.18
E1	3	68	60	62	-2	15	5.14
E3	3	68	71	70	1	20	4.52
E7	3	68	61	58	3	15	3.81
E1	1	69	62	64	-2	7	2.69
E2	1	69	65	66	-1	22	6.26
E3	1	69	69	69	0	16	3.52
E4	1	69	69	69	0	15	4.75
E5	1	69	51	49	2	11	3.2
E6	1	69	52	50	2	22	7.3
E7	1	69	49	47	2	24	6.77
E8	1	69	49	47	2	23	12.4
E1	2	69	63	64	-1	9	2.43
E2	2	69	65	66	-1	17	4.67
E3	2	69	67	68	-1	16	3.55
E5	2	69	51	49	2	15	4.36
E6	2	69	54	52	2	21	6.71
E7	2	69	53	51	2	13	2.39
E1	3	69	62	63	-1	14	2.88
E3	3	69	70	69	1	14	2.37
E7	3	69	50	48	2	17	4.88
E1	1	71	64	64	0	10	3.19
E2	1	71	64	66	-2	15	7.94
E3	1	71	70	68	2	14	2.75
E4	1	71	65	67	-2	18	10.82
E5	1	71	51	49	2	9	2.87
E6	1	71	56	54	2	13	5.58
E7	1	71	53	51	2	14	3.78
E8	1	71	53	51	2	9	3.19
E1	2	71	64	65	-1	12	2.82
E2	2	71	67	65	2	15	5.95
E3	2	71	66	65	1	10	3.87
E5	2	71	51	49	2	12	4.41
E6	2	71	53	51	2	14	5.87
E7	2	71	52	50	2	17	6.69
E1	3	71	65	64	1	10	2.86
E3	3	71	70	69	1	12	3.49
E7	3	71	53	51	2	14	4.24
E1	1	72	63	63	0	14	2.71
E2	1	72	63	62	1	19	6.94
E3	1	72	72	69	3	15	3.83
E4	1	72	69	68	1	19	7.01
E5	1	72	56	51	5	5	1.39
E6	1	72	61	59	2	11	5.15
E7	1	72	52	51	1	23	7.41
E8	1	72	51	49	2	17	7.16
E1	2	72	65	64	1	17	4.39
E2	2	72	63	62	1	20	6.57
E3	2	72	71	68	3	22	4.89
E5	2	72	52	50	2	7	2.11
E6	2	72	50	48	2	24	12.04
E7	2	72	54	51	3	19	5.6
E1	3	72	65	63	2	7	1.79
E3	3	72	68	66	2	22	4.75
E7	3	72	54	53	1	23	8.71
E1	1	73	67	64	3	14	3.73
E2	1	73	64	63	1	21	8.01
E3	1	73	71	69	2	19	4.3
E4	1	73	68	68	0	20	8.34
E5	1	73	55	50	5	13	3.36
E6	1	73	57	54	3	21	9.15
E7	1	73	53	50	3	16	6.1
E8	1	73	53	50	3	20	7.69
E1	2	73	65	63	2	17	4.97
E2	2	73	63	62	1	21	7.28
E3	2	73	75	70	5	19	3.72
E5	2	73	58	51	7	5	1.17
E6	2	73	61	59	2	22	7.77
E7	2	73	53	50	3	22	5.95
E1	3	73	65	64	1	14	3.42
E3	3	73	70	69	1	23	5.56
E7	3	73	61	58	3	22	6.13
E1	1	74	69	67	2	6	0.92
E2	1	74	69	69	0	16	4.03
E3	1	74	73	71	2	9	1.12
E4	1	74	73	73	0	13	3.79
E5	1	74	53	51	2	6	2.85
E6	1	74	60	56	4	20	4.51
E7	1	74	53	50	3	14	2.89
E8	1	74	54	52	2	12	4.3
E1	2	74	69	67	2	3	0.79
E2	2	74	72	72	0	13	2.51
E3	2	74	75	71	4	8	1.09
E5	2	74	53	52	1	18	2.9
E6	2	74	55	53	2	17	3.62
E7	2	74	55	51	4	8	1.56
E1	3	74	66	67	-1	6	1.91
E3	3	74	74	73	1	7	1.28
E7	3	74	49	47	2	11	1.55
E1	1	77	65	63	2	12	4.16
E2	1	77	71	69	2	20	7.01
E3	1	77	72	67	5	17	4.18
E4	1	77	68	68	0	22	10.2
E5	1	77	52	51	1	11	3.57
E6	1	77	62	59	3	15	4.93
E7	1	77	57	53	4	14	3.35
E8	1	77	52	49	3	17	5.98
E1	2	77	68	64	4	7	1.99
E2	2	77	71	69	2	19	7.86
E3	2	77	70	65	5	14	4.23
E5	2	77	51	51	0	10	3.08
E6	2	77	54	52	2	19	7.15
E7	2	77	55	51	4	17	5.35
E1	3	77	65	62	3	9	2.67
E3	3	77	73	69	4	14	3.71
E7	3	77	56	52	4	18	5.31
E1	1	78	64	64	0	13	2.88
E2	1	78	69	68	1	19	6.11
E3	1	78	69	67	2	17	4.3
E4	1	78	66	67	-1	21	9.79
E5	1	78	52	51	1	11	4.38
E6	1	78	57	55	2	18	7.68
E7	1	78	56	53	3	17	3.63
E8	1	78	52	50	2	19	5.66
E1	2	78	66	64	2	12	3.22
E2	2	78	66	67	-1	18	5.87
E3	2	78	71	69	2	20	4.16
E5	2	78	68	56	12	4	1.73
E6	2	78	54	52	2	16	7.42
E7	2	78	53	51	2	16	5.34
E1	3	78	64	63	1	7	2.16
E3	3	78	68	68	0	23	6.22
E7	3	78	54	52	2	21	6.72
E1	1	79	61	62	-1	6	1.84
E2	1	79	62	62	0	19	6.13
E3	1	79	69	67	2	14	3.54
E4	1	79	68	68	0	15	6.26
E5	1	79	51	50	1	9	2.66
E6	1	79	56	54	2	16	7.05
E7	1	79	51	51	0	16	5.7
E8	1	79	53	50	3	11	4.85
E1	2	79	61	60	1	15	3.41
E2	2	79	62	61	1	18	5.9
E3	2	79	65	64	1	14	4.27
E5	2	79	58	50	8	4	0.91
E6	2	79	50	48	2	17	8.4
E7	2	79	52	50	2	15	4.86
E1	3	79	63	62	1	13	2.83
E3	3	79	67	67	0	14	4.41
E7	3	79	52	50	2	14	4.44
E1	1	81	66	64	2	10	2.76
E2	1	81	65	63	2	25	7.74
E3	1	81	71	69	2	14	3.26
E4	1	81	70	70	0	25	8.12
E5	1	81	65	55	10	16	4.4
E6	1	81	58	56	2	23	8.37
E7	1	81	55	53	2	18	5.81
E8	1	81	54	52	2	24	8.73
E1	2	81	67	66	1	17	4.06
E2	2	81	63	62	1	27	6.88
E3	2	81	69	69	0	24	6.69
E5	2	81	55	50	5	19	5.78
E6	2	81	52	50	2	25	6.61
E7	2	81	53	52	1	18	7.07
E1	3	81	67	66	1	12	3.31
E3	3	81	72	71	1	7	2.23
E7	3	81	58	56	2	23	5.36
E1	1	82	63	63	0	6	2.04
E2	1	82	62	62	0	8	3.88
E3	1	82	70	70	0	8	3.29
E4	1	82	67	68	-1	14	6.33
E5	1	82	55	47	8	3	0.44
E6	1	82	60	58	2	15	3.62
E7	1	82	54	52	2	8	3.6
E8	1	82	52	50	2	14	7.5
E1	2	82	63	63	0	7	2.18
E2	2	82	58	59	-1	5	2.38
E3	2	82	70	68	2	10	4.01
E5	2	82	56	50	6	1	0.37
E6	2	82	53	50	3	14	3.71
E7	2	82	54	52	2	11	4.73
E1	3	82	68	63	5	2	0.28
E3	3	82	69	68	1	14	3.88
E7	3	82	55	54	1	7	3.08
E1	1	83	62	63	-1	14	4.48
E2	1	83	62	62	0	24	9.43
E3	1	83	67	67	0	16	4.75
E4	1	83	68	69	-1	19	7.83
E5	1	83	51	50	1	12	3.39
E6	1	83	58	56	2	17	8.54
E7	1	83	50	50	0	24	8.44
E8	1	83	52	49	3	20	9.38
E1	2	83	63	62	1	15	3.57
E2	2	83	62	62	0	23	7.13
E3	2	83	67	67	0	20	4.64
E5	2	83	55	50	5	9	2.95
E6	2	83	52	50	2	21	9.19
E7	2	83	51	49	2	25	8.22
E1	3	83	68	63	5	8	1.35
E3	3	83	69	67	2	21	5.34
E7	3	83	53	51	2	27	8.72
E1	1	84	65	63	2	11	2.62
E2	1	84	63	63	0	18	7.54
E3	1	84	73	70	3	14	2.44
E4	1	84	71	71	0	18	6.2
E5	1	84	58	55	3	4	1.2
E6	1	84	53	51	2	17	7.16
E7	1	84	53	51	2	23	7.16
E8	1	84	54	51	3	19	7.66
E1	2	84	66	63	3	19	3.94
E2	2	84	63	63	0	19	7.03
E3	2	84	70	69	1	17	4.89
E5	2	84	55	51	4	13	3.96
E6	2	84	53	51	2	19	8.85
E7	2	84	53	51	2	20	6.4
E1	3	84	65	64	1	15	4.28
E3	3	84	70	69	1	16	4.4
E7	3	84	54	52	2	21	5.67
E1	1	86	65	66	-1	10	3.48
E2	1	86	72	72	0	21	6.43
E3	1	86	69	70	-1	13	1.82
E4	1	86	68	70	-2	16	6.47
E5	1	86	51	51	0	6	1.45
E6	1	86	57	56	1	12	3.4
E7	1	86	56	54	2	6	1.58
E8	1	86	54	52	2	24	8.79
E1	2	86	64	66	-2	11	3.18
E2	2	86	69	69	0	10	3.46
E3	2	86	72	70	2	12	2.4
E5	2	86	51	51	0	10	3.05
E6	2	86	54	51	3	12	3.16
E7	2	86	56	54	2	9	1.87
E1	3	86	68	66	2	9	1.21
E3	3	86	69	69	0	8	2.26
E7	3	86	55	53	2	13	2.64
E1	1	87	66	64	2	12	3.46
E2	1	87	63	63	0	15	7
E3	1	87	76	72	4	13	4.61
E4	1	87	72	70	2	12	6.45
E5	1	87	55	50	5	9	3.18
E6	1	87	53	50	3	16	7.4
E7	1	87	56	54	2	22	6.55
E8	1	87	54	51	3	17	7.89
E1	2	87	68	66	2	9	3.52
E2	2	87	65	63	2	10	3.48
E3	2	87	70	70	0	13	6.23
E5	2	87	58	52	6	7	2.42
E6	2	87	52	50	2	18	8.34
E7	2	87	56	53	3	16	6
E1	3	87	67	64	3	6	0.59
E3	3	87	75	69	6	5	0.92
E7	3	87	56	54	2	15	3.38
E1	1	90	64	63	1	16	5.52
E2	1	90	69	70	-1	17	6.45
E3	1	90	70	68	2	17	4.98
E4	1	90	67	68	-1	12	5.15
E5	1	90	53	52	1	9	4.11
E6	1	90	52	51	1	20	8.79
E7	1	90	53	50	3	13	4.85
E8	1	90	51	49	2	23	7.83
E1	2	90	63	62	1	14	4.25
E2	2	90	69	69	0	20	7.95
E3	2	90	65	65	0	10	3.22
E5	2	90	52	51	1	13	4.98
E6	2	90	54	52	2	17	7.65
E7	2	90	53	51	2	17	5.81
E1	3	90	64	64	0	8	2.82
E3	3	90	72	69	3	10	2.32
E7	3	90	54	52	2	14	5.84
E1	1	95	65	64	1	15	4.05
E2	1	95	61	62	-1	19	6.91
E3	1	95	67	66	1	15	3.89
E4	1	95	66	65	1	22	9.99
E5	1	95	65	56	9	12	1.95
E6	1	95	61	57	4	15	5.94
E7	1	95	54	53	1	19	5.67
E8	1	95	53	50	3	15	5.08
E1	2	95	62	62	0	9	2.52
E2	2	95	63	61	2	22	6.8
E3	2	95	67	66	1	18	5.94
E5	2	95	52	48	4	12	4.55
E6	2	95	52	50	2	17	7.72
E7	2	95	53	51	2	20	7.04
E1	3	95	61	63	-2	7	3.42
E3	3	95	72	69	3	18	2.84
E7	3	95	56	53	3	16	4.48
E1	1	98	66	65	1	18	4.43
E2	1	98	63	62	1	20	6.83
E3	1	98	69	68	1	18	4.09
E4	1	98	68	68	0	20	9.64
E5	1	98	55	52	3	13	4.03
E6	1	98	54	52	2	20	7.28
E7	1	98	54	52	2	17	5.93
E8	1	98	52	49	3	13	5.61
E1	2	98	63	63	0	16	4.71
E2	2	98	61	61	0	21	8.63
E3	2	98	68	67	1	21	5.53
E5	2	98	66	55	11	14	3.19
E6	2	98	53	50	3	16	6.52
E7	2	98	53	50	3	21	6.67
E1	3	98	65	64	1	15	3.47
E3	3	98	69	68	1	17	3.5
E7	3	98	55	53	2	21	4.58
E1	1	99	67	65	2	13	3.59
E2	1	99	65	65	0	19	9.12
E3	1	99	72	70	2	19	5.31
E4	1	99	69	69	0	14	7.52
E5	1	99	51	50	1	14	4.55
E6	1	99	53	50	3	18	8.78
E7	1	99	54	52	2	21	7.01
E8	1	99	53	50	3	18	9.86
E1	2	99	67	65	2	12	3.55
E2	2	99	65	65	0	18	7.84
E3	2	99	73	72	1	11	2.89
E5	2	99	65	50	15	12	3.64
E6	2	99	53	51	2	18	7.75
E7	2	99	55	53	2	17	4.94
E1	3	99	65	63	2	11	4.41
E3	3	99	70	69	1	21	4.77
E7	3	99	55	54	1	20	5.33
E1	1	100	64	64	0	18	6.2
E2	1	100	63	64	-1	18	8.04
E3	1	100	71	67	4	15	3.96
E4	1	100	67	67	0	16	7.44
E5	1	100	55	52	3	10	2.36
E6	1	100	53	50	3	18	7.47
E7	1	100	53	50	3	21	5.53
E8	1	100	52	49	3	16	6.01
E1	2	100	62	63	-1	20	6.54
E2	2	100	61	61	0	21	7.57
E3	2	100	70	67	3	18	3.36
E5	2	100	69	55	14	3	0.59
E6	2	100	53	50	3	18	8.93
E7	2	100	52	49	3	17	5.94
E1	3	100	63	63	0	10	3.19
E3	3	100	67	67	0	15	4.79
E7	3	100	55	53	2	21	3.93
E1	1	101	62	63	-1	12	4.56
E2	1	101	62	63	-1	23	9.61
E3	1	101	73	72	1	18	4.21
E4	1	101	70	69	1	19	8.84
E5	1	101	52	50	2	18	6.3
E6	1	101	55	52	3	15	6.11
E7	1	101	55	53	2	24	8.16
E8	1	101	54	52	2	18	8.62
E1	2	101	64	63	1	16	3.84
E2	2	101	61	62	-1	22	10.61
E3	2	101	70	69	1	17	4.78
E5	2	101	52	51	1	14	3.93
E6	2	101	53	51	2	14	5.56
E7	2	101	56	55	1	20	6.01
E1	3	101	67	64	3	22	5.08
E3	3	101	70	68	2	21	4.97
E7	3	101	53	52	1	25	7.51
E1	1	102	62	61	1	11	2.51
E2	1	102	63	62	1	19	5.71
E3	1	102	71	69	2	18	3.93
E4	1	102	69	69	0	16	7.33
E5	1	102	65	58	7	3	2.37
E6	1	102	55	53	2	16	5.96
E7	1	102	53	50	3	21	6.84
E8	1	102	53	50	3	20	8.48
E1	2	102	65	64	1	14	5.73
E2	2	102	64	62	2	21	7.21
E3	2	102	69	68	1	20	6.11
E5	2	102	65	51	14	15	2.44
E6	2	102	54	52	2	16	7.36
E7	2	102	53	50	3	22	7.19
E1	3	102	63	62	1	10	3.01
E3	3	102	69	67	2	13	3.35
E7	3	102	55	51	4	20	5.28
E1	1	106	64	67	-3	4	1.1
E2	1	106	68	69	-1	12	3.63
E3	1	106	70	69	1	13	2.41
E4	1	106	69	70	-1	17	6.76
E5	1	106	56	51	5	5	1.39
E6	1	106	58	56	2	11	2.9
E7	1	106	56	54	2	11	2.29
E8	1	106	53	50	3	18	7.58
E1	2	106	66	66	0	10	2.35
E2	2	106	68	69	-1	16	5.39
E3	2	106	69	67	2	14	2.24
E5	2	106	51	51	0	15	5.04
E6	2	106	53	51	2	14	3
E7	2	106	53	51	2	15	4.19
E1	3	106	67	65	2	14	2.52
E3	3	106	73	71	2	13	2.27
E7	3	106	53	51	2	16	4.27
E1	1	108	63	63	0	17	7.3
E2	1	108	68	67	1	24	10.58
E3	1	108	67	68	-1	17	6.82
E4	1	108	68	69	-1	21	9.9
E5	1	108	53	51	2	7	2.57
E6	1	108	56	52	4	26	8.35
E7	1	108	53	51	2	21	6.66
E8	1	108	51	49	2	18	6.95
E1	2	108	64	64	0	7	2.97
E2	2	108	65	66	-1	19	7.37
E3	2	108	69	67	2	14	3.69
E5	2	108	53	51	2	8	2.08
E6	2	108	52	50	2	22	8.5
E7	2	108	53	51	2	20	4.28
E1	3	108	64	63	1	16	5.57
E3	3	108	71	67	4	15	3.44
E7	3	108	55	52	3	17	4.12
E1	1	109	65	63	2	15	3.23
E2	1	109	63	63	0	18	6.87
E3	1	109	75	71	4	9	1.53
E4	1	109	68	66	2	16	5.81
E5	1	109	62	52	10	6	0.97
E6	1	109	53	50	3	18	6.61
E7	1	109	55	54	1	14	3.4
E8	1	109	56	53	3	16	4.75
E1	2	109	65	63	2	11	2.12
E2	2	109	67	65	2	19	5.06
E3	2	109	73	67	6	11	1.91
E5	2	109	55	50	5	7	1.45
E6	2	109	55	51	4	16	5.39
E7	2	109	56	54	2	21	3.62
E1	3	109	68	63	5	14	2.69
E3	3	109	77	70	7	8	1.34
E7	3	109	55	54	1	18	3.95
E1	1	110	62	62	0	13	5.93
E2	1	110	65	66	-1	21	8.92
E3	1	110	73	69	4	14	2.71
E4	1	110	68	68	0	15	6.56
E5	1	110	51	51	0	7	1.92
E6	1	110	55	53	2	19	6.87
E7	1	110	57	54	3	10	2.33
E8	1	110	51	49	2	16	7.23
E1	2	110	65	64	1	13	3.38
E2	2	110	66	66	0	18	6.23
E3	2	110	72	69	3	12	1.84
E5	2	110	61	51	10	7	1.71
E6	2	110	53	51	2	26	9.87
E7	2	110	54	51	3	15	4.05
E1	3	110	65	63	2	9	2.33
E3	3	110	73	67	6	10	1.58
E7	3	110	55	52	3	15	3.48
E1	1	112	62	62	0	13	4.26
E2	1	112	59	60	-1	16	7.93
E3	1	112	66	64	2	19	5.77
E4	1	112	68	66	2	19	6.92
E5	1	112	56	51	5	7	2.47
E6	1	112	56	54	2	17	8.55
E7	1	112	53	49	4	17	7.1
E8	1	112	53	50	3	9	3.31
E1	2	112	65	62	3	7	2.48
E2	2	112	60	60	0	18	6.49
E3	2	112	68	65	3	18	4.89
E5	2	112	51	48	3	16	5.7
E6	2	112	53	50	3	16	7.63
E7	2	112	53	50	3	18	6.81
E1	3	112	63	62	1	13	4.12
E3	3	112	67	65	2	15	4.3
E7	3	112	56	52	4	18	5.3
E1	1	121	65	64	1	16	3.61
E2	1	121	60	59	1	18	7.59
E3	1	121	70	67	3	18	4.62
E4	1	121	65	64	1	24	8.36
E5	1	121	52	50	2	10	3.96
E6	1	121	51	49	2	20	8.27
E7	1	121	52	49	3	20	8.48
E8	1	121	51	48	3	10	3.59
E1	2	121	60	59	1	8	2.86
E2	2	121	60	60	0	14	5.79
E3	2	121	69	67	2	15	3.38
E5	2	121	51	48	3	16	9.57
E6	2	121	50	48	2	17	8.91
E7	2	121	51	48	3	24	6.79
E1	3	121	61	61	0	14	4.98
E3	3	121	75	72	3	15	2.36
E7	3	121	55	52	3	19	6.37
E1	1	122	62	63	-1	11	2.39
E2	1	122	66	66	0	17	4.89
E3	1	122	70	69	1	18	2.29
E4	1	122	66	67	-1	20	7.47
E5	1	122	51	49	2	19	6.58
E6	1	122	56	54	2	18	6.31
E7	1	122	49	47	2	25	8.1
E8	1	122	48	45	3	14	5.59
E1	2	122	63	63	0	14	4.55
E2	2	122	68	68	0	18	4.95
E3	2	122	75	71	4	5	0.97
E5	2	122	51	49	2	18	6.19
E6	2	122	53	51	2	18	7.33
E7	2	122	49	47	2	18	5.07
E1	3	122	61	62	-1	11	2.86
E3	3	122	68	67	1	20	3.46
E7	3	122	49	47	2	27	7.66
E1	1	123	61	60	1	3	0.72
E2	1	123	62	62	0	17	5.51
E3	1	123	70	69	1	19	4.21
E4	1	123	66	67	-1	18	7.84
E5	1	123	66	55	11	8	0.89
E6	1	123	53	50	3	16	5.35
E7	1	123	52	48	4	16	5.74
E8	1	123	51	49	2	10	4.82
E1	2	123	61	63	-2	7	2.49
E2	2	123	61	61	0	15	5.98
E3	2	123	70	68	2	14	3.29
E5	2	123	65	52	13	6	0.42
E6	2	123	53	50	3	17	6.97
E7	2	123	52	51	1	18	4.74
E1	3	123	60	61	-1	9	2.41
E3	3	123	70	68	2	13	3.43
E7	3	123	54	51	3	15	4.94
E1	1	124	61	63	-2	10	3.27
E2	1	124	68	69	-1	19	6.52
E3	1	124	65	66	-1	17	3.64
E4	1	124	67	68	-1	20	6.56
E5	1	124	51	49	2	11	3.67
E6	1	124	57	55	2	13	4.21
E7	1	124	50	48	2	19	5.65
E8	1	124	50	48	2	21	8.5
E1	2	124	63	64	-1	10	3.16
E2	2	124	66	68	-2	20	5.94
E3	2	124	75	71	4	13	1.51
E5	2	124	51	49	2	13	3.71
E6	2	124	52	50	2	26	9.77
E7	2	124	51	49	2	18	4.98
E1	3	124	61	64	-3	11	3.51
E3	3	124	68	68	0	18	3.6
E7	3	124	51	48	3	17	4.29
E1	1	125	64	63	1	11	3.57
E2	1	125	59	59	0	17	6.48
E3	1	125	68	67	1	19	4.55
E4	1	125	63	63	0	15	6.64
E5	1	125	58	51	7	4	1.12
E6	1	125	51	49	2	16	6.07
E7	1	125	52	48	4	21	7.1
E8	1	125	51	49	2	17	6.65
E1	2	125	61	62	-1	11	3.18
E2	2	125	59	59	0	19	6.35
E3	2	125	68	67	1	14	3.03
E5	2	125	50	50	0	13	3.93
E6	2	125	56	54	2	12	4.11
E7	2	125	52	52	0	16	5
E1	3	125	60	59	1	12	2.81
E3	3	125	67	64	3	15	3.45
E7	3	125	56	54	2	10	2.96
E1	1	126	59	61	-2	15	4.55
E2	1	126	63	64	-1	18	6.62
E3	1	126	67	65	2	14	3.25
E4	1	126	65	65	0	18	6.42
E5	1	126	51	47	4	19	5.58
E6	1	126	57	55	2	22	6
E7	1	126	49	47	2	15	4.96
E8	1	126	49	47	2	23	7.96
E1	2	126	61	61	0	14	4.25
E2	2	126	62	63	-1	17	6.32
E3	2	126	64	63	1	18	4.46
E5	2	126	51	51	0	14	2.97
E6	2	126	52	50	2	19	6.88
E7	2	126	49	47	2	15	3.95
E1	3	126	60	60	0	12	3.89
E3	3	126	69	66	3	15	3.11
E7	3	126	50	48	2	16	4.5
E1	1	129	61	60	1	17	5.5
E2	1	129	61	61	0	21	6.85
E3	1	129	66	66	0	14	4.11
E4	1	129	65	66	-1	18	7.38
E5	1	129	50	47	3	13	2.97
E6	1	129	51	49	2	16	6.16
E7	1	129	53	51	2	22	6.52
E8	1	129	54	51	3	3	1.18
E1	2	129	61	62	-1	21	5.98
E2	2	129	61	61	0	18	6.71
E3	2	129	65	66	-1	18	4.82
E5	2	129	50	48	2	9	2.76
E6	2	129	54	50	4	17	5.92
E7	2	129	52	50	2	20	5.55
E1	3	129	60	60	0	17	3.96
E3	3	129	68	64	4	24	3.53
E7	3	129	53	51	2	10	3.06
E1	1	130	61	63	-2	14	1.63
E2	1	130	63	65	-2	17	7.39
E3	1	130	63	63	0	11	1.92
E4	1	130	65	65	0	17	7.68
E5	1	130	51	49	2	11	3.33
E6	1	130	59	56	3	19	5.58
E7	1	130	51	49	2	11	3.66
E8	1	130	51	49	2	23	7.73
E1	2	130	62	63	-1	14	1.34
E2	2	130	63	65	-2	23	8.74
E3	2	130	68	65	3	12	1.84
E5	2	130	51	49	2	12	4.4
E6	2	130	54	51	3	18	5.47
E7	2	130	52	50	2	15	4.64
E1	3	130	59	60	-1	20	3.88
E3	3	130	71	68	3	15	1.68
E7	3	130	52	50	2	13	3.68
E1	1	131	62	60	2	18	3.23
E2	1	131	61	61	0	18	7.32
E3	1	131	68	65	3	16	3.26
E4	1	131	64	63	1	18	7.6
E5	1	131	51	47	4	15	4.85
E6	1	131	49	49	0	13	5.8
E7	1	131	53	51	2	18	6.03
E8	1	131	53	50	3	5	1.64
E1	2	131	63	61	2	12	2.96
E2	2	131	60	59	1	18	5.77
E3	2	131	75	65	10	9	1.53
E5	2	131	50	48	2	10	2.66
E6	2	131	50	48	2	14	6.46
E7	2	131	53	51	2	19	4.76
E1	3	131	60	60	0	14	3.9
E3	3	131	66	63	3	18	3.42
E7	3	131	52	50	2	21	5.73
E1	1	132	60	62	-2	15	5.07
E2	1	132	63	64	-1	22	9.31
E3	1	132	66	64	2	13	3.27
E4	1	132	64	64	0	20	10.21
E5	1	132	51	49	2	13	4.1
E6	1	132	54	52	2	26	11.09
E7	1	132	49	47	2	11	4.24
E8	1	132	49	46	3	9	3.34
E1	2	132	59	60	-1	16	6.27
E2	2	132	64	64	0	22	9.58
E3	2	132	67	66	1	14	3.41
E5	2	132	51	46	5	10	0.3
E6	2	132	52	50	2	20	8.03
E7	2	132	51	49	2	13	4.48
E1	3	132	59	60	-1	14	5.02
E3	3	132	67	65	2	10	2.55
E7	3	132	50	48	2	20	5.49
E1	1	133	63	63	0	13	2.15
E2	1	133	65	63	2	23	7.29
E3	1	133	69	67	2	15	3.23
E4	1	133	69	68	1	18	6.42
E5	1	133	51	48	3	14	3.55
E6	1	133	52	50	2	13	4.83
E7	1	133	54	51	3	18	5.62
E8	1	133	53	49	4	14	6.51
E1	2	133	64	63	1	10	3.01
E2	2	133	63	63	0	16	4.81
E3	2	133	75	71	4	11	2.56
E5	2	133	52	50	2	11	3.09
E6	2	133	52	49	3	20	8.22
E7	2	133	53	51	2	19	6.5
E1	3	133	61	60	1	10	2.78
E3	3	133	70	68	2	16	4.28
E7	3	133	55	52	3	17	5.69
E1	1	134	64	62	2	15	2.37
E2	1	134	64	64	0	14	5.84
E3	1	134	71	67	4	13	2.32
E4	1	134	65	66	-1	23	9.8
E5	1	134	52	49	3	14	4.64
E6	1	134	56	54	2	12	5.41
E7	1	134	52	49	3	17	4.89
E8	1	134	50	47	3	11	3.93
E1	2	134	64	62	2	12	3.77
E2	2	134	68	68	0	21	6.47
E3	2	134	70	66	4	16	2.23
E5	2	134	51	49	2	15	5.29
E6	2	134	52	50	2	17	6.83
E7	2	134	53	51	2	11	3.35
E1	3	134	61	61	0	15	3.89
E3	3	134	64	63	1	16	3.68
E7	3	134	52	49	3	10	3.9
E1	1	135	64	63	1	19	3.74
E2	1	135	63	63	0	21	7.19
E3	1	135	70	68	2	17	4.79
E4	1	135	68	67	1	21	8.16
E5	1	135	50	48	2	10	2.01
E6	1	135	52	50	2	15	7.22
E7	1	135	54	51	3	25	6.46
E8	1	135	52	49	3	15	6.21
E1	2	135	63	62	1	16	4.6
E2	2	135	65	64	1	21	6.72
E3	2	135	69	67	2	18	3.98
E5	2	135	55	50	5	8	2.04
E6	2	135	51	49	2	17	7.83
E7	2	135	53	51	2	23	7.03
E1	3	135	65	64	1	9	2.02
E3	3	135	73	67	6	13	1.65
E7	3	135	54	51	3	20	5.97
E1	1	136	65	64	1	14	3.27
E2	1	136	64	65	-1	20	7.34
E3	1	136	67	67	0	16	3.35
E4	1	136	65	66	-1	18	8.77
E5	1	136	51	49	2	13	4.71
E6	1	136	54	52	2	17	5.56
E7	1	136	51	49	2	15	3.47
E8	1	136	53	51	2	7	1.53
E1	2	136	61	62	-1	16	6.17
E2	2	136	69	69	0	14	6.64
E3	2	136	65	65	0	18	4.2
E5	2	136	56	51	5	16	2.15
E6	2	136	52	50	2	19	6.92
E7	2	136	53	51	2	10	2.63
E1	3	136	61	62	-1	14	4.2
E3	3	136	65	65	0	14	3.88
E7	3	136	51	49	2	14	4.5
E1	1	137	63	62	1	14	3.46
E2	1	137	62	62	0	19	7.22
E3	1	137	70	67	3	14	3.09
E4	1	137	69	66	3	19	5.84
E5	1	137	51	47	4	14	3.34
E6	1	137	59	57	2	15	5.4
E7	1	137	54	51	3	17	5.08
E8	1	137	53	49	4	7	2.2
E1	2	137	62	60	2	13	3.43
E2	2	137	63	63	0	13	5.86
E3	2	137	67	65	2	8	1.6
E5	2	137	56	50	6	4	1.03
E6	2	137	50	48	2	14	5.58
E7	2	137	54	52	2	12	3.49
E1	3	137	62	62	0	15	2.47
E3	3	137	72	68	4	10	2.62
E7	3	137	53	51	2	12	4.14
E1	1	138	62	62	0	19	6.3
E2	1	138	64	65	-1	23	9.37
E3	1	138	66	64	2	20	4.29
E4	1	138	66	66	0	19	7.62
E5	1	138	52	49	3	20	6.42
E6	1	138	53	51	2	22	8.09
E7	1	138	50	48	2	19	5.64
E8	1	138	51	48	3	23	8.74
E1	2	138	61	60	1	16	5
E2	2	138	67	66	1	19	7.43
E3	2	138	68	65	3	14	3.38
E5	2	138	51	46	5	13	3.69
E6	2	138	52	50	2	27	8.93
E7	2	138	52	49	3	23	6.85
E1	3	138	61	61	0	9	3.68
E3	3	138	67	65	2	20	4.33
E7	3	138	52	50	2	19	5.07
E1	1	139	65	63	2	13	4.08
E2	1	139	63	63	0	20	8.85
E3	1	139	70	66	4	19	3.41
E4	1	139	69	67	2	16	5.49
E5	1	139	52	50	2	6	1.87
E6	1	139	60	58	2	16	5.48
E7	1	139	54	51	3	17	5.99
E8	1	139	53	49	4	11	4.01
E1	2	139	63	61	2	18	4.1
E2	2	139	65	65	0	17	6.92
E3	2	139	73	69	4	16	3.08
E5	2	139	52	50	2	6	1.57
E6	2	139	53	50	3	14	4.99
E7	2	139	54	52	2	16	3.87
E1	3	139	63	62	1	18	4.2
E3	3	139	69	67	2	14	3.75
E7	3	139	55	53	2	22	5.36
E1	1	140	63	62	1	15	4.44
E2	1	140	64	64	0	19	8.59
E3	1	140	67	65	2	12	3.43
E4	1	140	66	66	0	19	8.79
E5	1	140	52	49	3	15	5.3
E6	1	140	52	50	2	27	8.13
E7	1	140	52	49	3	20	4.69
E8	1	140	51	49	2	15	6.99
E1	2	140	63	63	0	13	3.32
E2	2	140	66	66	0	22	9.61
E3	2	140	66	65	1	19	4.31
E5	2	140	51	49	2	14	3.37
E6	2	140	52	50	2	20	8.13
E7	2	140	54	52	2	14	3.33
E1	3	140	63	62	1	15	4.82
E3	3	140	70	69	1	16	2.08
E7	3	140	54	52	2	21	5.97
E1	1	142	61	63	-2	8	2.74
E2	1	142	63	65	-2	19	8.27
E3	1	142	67	66	1	21	4.68
E4	1	142	65	65	0	17	8.18
E5	1	142	51	49	2	13	3.59
E6	1	142	52	50	2	18	7.01
E7	1	142	51	49	2	16	4.55
E8	1	142	50	48	2	23	9.61
E1	2	142	64	64	0	12	3.39
E2	2	142	65	67	-2	25	9.8
E3	2	142	64	62	2	19	5.7
E5	2	142	51	49	2	17	5.79
E6	2	142	52	50	2	18	5.39
E7	2	142	51	49	2	18	5.94
E1	3	142	62	63	-1	13	5.03
E3	3	142	70	70	0	17	3.97
E7	3	142	51	49	2	16	4.78
E1	1	143	67	64	3	14	4.8
E2	1	143	63	62	1	23	8.56
E3	1	143	73	69	4	16	4.02
E4	1	143	72	71	1	14	5.59
E5	1	143	51	50	1	18	5.88
E6	1	143	60	58	2	17	7.79
E7	1	143	59	57	2	16	5.51
E8	1	143	54	51	3	20	8.21
E1	2	143	69	66	3	12	2.2
E2	2	143	63	63	0	22	8.46
E3	2	143	71	69	2	17	5.38
E5	2	143	52	50	2	14	0.4
E6	2	143	53	50	3	22	7.18
E7	2	143	57	54	3	20	7.25
E1	3	143	65	64	1	14	4.46
E3	3	143	70	68	2	20	5.25
E7	3	143	55	53	2	16	4.72
E1	1	144	67	67	0	8	2.62
E2	1	144	69	69	0	21	7.04
E3	1	144	73	71	2	11	1.29
E4	1	144	68	69	-1	17	7.32
E5	1	144	52	51	1	16	5.38
E6	1	144	55	53	2	17	6.19
E7	1	144	53	51	2	17	5.76
E8	1	144	54	52	2	18	4.96
E1	2	144	68	67	1	13	2.76
E2	2	144	69	70	-1	17	6.37
E3	2	144	71	70	1	5	1.45
E5	2	144	51	51	0	10	2.64
E6	2	144	54	52	2	18	6.16
E7	2	144	53	51	2	23	7.17
E1	3	144	67	66	1	9	3.3
E3	3	144	77	74	3	9	2.14
E7	3	144	55	52	3	18	5.37
E1	1	145	68	63	5	13	2.86
E2	1	145	65	63	2	17	6.15
E3	1	145	73	68	5	14	3.26
E4	1	145	71	70	1	14	5.71
E5	1	145	56	47	9	5	1.51
E6	1	145	60	58	2	15	6.44
E7	1	145	60	56	4	14	3.6
E8	1	145	53	50	3	11	5.71
E1	2	145	68	65	3	14	3.38
E2	2	145	66	63	3	18	4.47
E3	2	145	75	68	7	14	2.77
E5	2	145	55	50	5	15	3.39
E6	2	145	51	49	2	17	7.27
E7	2	145	54	51	3	21	6.22
E1	3	145	67	64	3	16	5.71
E3	3	145	73	67	6	12	3.21
E7	3	145	55	53	2	15	3.55
E1	1	146	71	68	3	10	2.64
E2	1	146	72	69	3	16	5.31
E3	1	146	76	69	7	6	1.07
E4	1	146	68	67	1	16	7.1
E5	1	146	53	49	4	8	2.32
E6	1	146	54	51	3	15	6.72
E7	1	146	52	49	3	23	6.4
E8	1	146	53	50	3	5	1.96
E1	2	146	70	66	4	10	2.4
E2	2	146	72	70	2	19	7.17
E3	2	146	71	67	4	14	2.91
E5	2	146	51	49	2	12	3.19
E6	2	146	54	52	2	16	5.93
E7	2	146	53	50	3	21	5.19
E1	3	146	73	65	8	5	1.12
E3	3	146	73	67	6	8	1.33
E7	3	146	54	51	3	19	4.46
E1	1	147	63	61	2	12	2.49
E2	1	147	63	62	1	16	6.18
E3	1	147	68	66	2	12	2.89
E4	1	147	68	66	2	13	5.69
E5	1	147	52	50	2	8	2.06
E6	1	147	59	56	3	12	5.43
E7	1	147	59	57	2	14	4.11
E8	1	147	53	51	2	13	6.69
E1	2	147	65	61	4	14	3.18
E2	2	147	63	62	1	16	4.46
E3	2	147	71	66	5	9	2.08
E5	2	147	51	50	1	10	3.14
E6	2	147	52	50	2	17	7.3
E7	2	147	54	51	3	20	6.07
E1	3	147	68	65	3	10	2.9
E3	3	147	67	64	3	12	3.28
E7	3	147	53	51	2	19	5.42
E1	1	148	68	67	1	7	1.66
E2	1	148	69	68	1	18	6.09
E3	1	148	71	66	5	15	2.72
E4	1	148	66	67	-1	19	10
E5	1	148	51	51	0	11	2.63
E6	1	148	54	51	3	20	7.99
E7	1	148	51	50	1	20	6.44
E8	1	148	58	55	3	11	3.23
E1	2	148	65	63	2	9	1.4
E2	2	148	67	67	0	16	5.55
E3	2	148	70	69	1	13	2.7
E5	2	148	52	49	3	12	2.08
E6	2	148	57	55	2	13	4.92
E7	2	148	52	50	2	17	5.59
E1	3	148	65	62	3	10	1.52
E3	3	148	71	69	2	12	2.84
E7	3	148	52	50	2	19	6.41
E1	1	149	65	62	3	16	4.98
E2	1	149	63	63	0	21	8.92
E3	1	149	72	69	3	19	3.9
E4	1	149	70	68	2	19	6.98
E5	1	149	61	50	11	12	1.7
E6	1	149	58	54	4	21	7.77
E7	1	149	56	54	2	20	6.06
E8	1	149	54	50	4	10	4.66
E1	2	149	68	64	4	15	2.15
E2	2	149	63	62	1	17	5.77
E3	2	149	70	67	3	14	3.63
E5	2	149	56	50	6	5	0.49
E6	2	149	50	48	2	16	9.06
E7	2	149	53	51	2	22	5.57
E1	3	149	67	63	4	11	2.57
E3	3	149	73	68	5	14	2.15
E7	3	149	53	51	2	16	5.24
E1	1	152	68	67	1	13	3.22
E2	1	152	67	67	0	15	5.76
E3	1	152	71	67	4	17	3.39
E4	1	152	67	68	-1	20	8.09
E5	1	152	51	46	5	10	3.12
E6	1	152	58	56	2	14	4.34
E7	1	152	49	47	2	19	5.41
E8	1	152	51	49	2	14	5.64
E1	2	152	64	64	0	18	5.26
E2	2	152	69	68	1	16	6.47
E3	2	152	69	67	2	18	4.22
E5	2	152	51	49	2	12	4.29
E6	2	152	50	50	0	12	5.1
E7	2	152	51	49	2	14	4.15
E1	3	152	65	63	2	15	3.62
E3	3	152	70	67	3	19	3.35
E7	3	152	51	49	2	20	5.6
E1	1	155	63	61	2	15	3.48
E2	1	155	63	62	1	22	8.29
E3	1	155	67	65	2	22	6.15
E4	1	155	66	64	2	18	9.07
E5	1	155	67	50	17	3	0.93
E6	1	155	52	50	2	17	8.87
E7	1	155	54	51	3	22	6.96
E8	1	155	55	52	3	7	3.14
E1	2	155	64	61	3	16	2.88
E2	2	155	63	61	2	18	7.86
E3	2	155	65	62	3	11	3.05
E5	2	155	56	50	6	5	1.17
E6	2	155	50	48	2	16	8.98
E7	2	155	53	51	2	21	5.75
E1	3	155	63	60	3	8	1.62
E3	3	155	71	65	6	15	2.43
E7	3	155	53	50	3	20	6.71
E1	1	156	68	65	3	11	2.31
E2	1	156	68	67	1	18	7.15
E3	1	156	70	65	5	19	3.49
E4	1	156	64	64	0	23	11.9
E5	1	156	51	49	2	12	4.22
E6	1	156	59	57	2	18	9.08
E7	1	156	51	49	2	23	8.04
E8	1	156	51	48	3	4	1.28
E1	2	156	63	63	0	12	3.73
E2	2	156	64	63	1	18	7.28
E3	2	156	68	65	3	18	4.69
E5	2	156	51	46	5	10	3.94
E6	2	156	50	50	0	16	7.44
E7	2	156	51	49	2	17	4.94
E1	3	156	60	60	0	7	2.58
E3	3	156	69	66	3	15	2.8
E7	3	156	55	52	3	7	2.07
E1	1	157	65	63	2	16	4.99
E2	1	157	62	62	0	20	7.23
E3	1	157	68	68	0	19	5.03
E4	1	157	68	68	0	20	8.76
E5	1	157	56	51	5	3	0.67
E6	1	157	52	50	2	15	7.99
E7	1	157	55	53	2	16	4.87
E8	1	157	54	52	2	12	5.31
E1	2	157	64	61	3	15	2.87
E2	2	157	61	62	-1	21	8.47
E3	2	157	70	70	0	18	5.47
E5	2	157	51	50	1	3	1.15
E6	2	157	55	52	3	17	7.52
E7	2	157	55	53	2	19	5.3
E1	3	157	62	61	1	10	1.69
E3	3	157	69	69	0	19	5.13
E7	3	157	53	53	0	19	7.81
E1	1	158	65	66	-1	5	1.15
E2	1	158	70	72	-2	14	4.45
E3	1	158	72	70	2	7	0.76
E4	1	158	66	68	-2	11	3.88
E5	1	158	52	52	0	5	1.23
E6	1	158	60	58	2	15	3.88
E7	1	158	57	54	3	12	1.89
E8	1	158	59	54	5	17	6.09
E1	2	158	70	70	0	5	0.7
E2	2	158	68	68	0	13	3.83
E3	2	158	68	69	-1	9	1.98
E5	2	158	67	56	11	6	1.28
E6	2	158	52	50	2	12	3.18
E7	2	158	56	54	2	17	1.48
E1	3	158	64	65	-1	8	1.8
E3	3	158	72	70	2	11	0.53
E7	3	158	60	57	3	8	1.18
E1	1	161	64	64	0	11	3.56
E2	1	161	67	67	0	12	4.48
E3	1	161	67	65	2	19	4.4
E4	1	161	68	67	1	16	5.41
E5	1	161	51	49	2	7	1.94
E6	1	161	54	51	3	22	6.35
E7	1	161	51	49	2	18	6.2
E8	1	161	51	48	3	22	9.56
E1	2	161	62	63	-1	9	2.18
E2	2	161	65	65	0	17	5.94
E3	2	161	72	66	6	15	2.78
E5	2	161	51	49	2	6	1.35
E6	2	161	52	50	2	16	7.15
E7	2	161	51	48	3	16	3.79
E1	3	161	64	63	1	8	1.87
E3	3	161	65	64	1	13	3.58
E7	3	161	51	48	3	24	6.49
E1	1	163	60	62	-2	12	3.49
E2	1	163	65	66	-1	17	5.4
E3	1	163	69	66	3	13	2.75
E4	1	163	68	67	1	20	8.41
E5	1	163	51	49	2	5	0.46
E6	1	163	50	50	0	23	9.87
E7	1	163	49	47	2	21	6.07
E8	1	163	48	45	3	13	5.45
E1	2	163	60	63	-3	15	4.29
E2	2	163	64	67	-3	13	5.37
E3	2	163	69	69	0	18	4.05
E5	2	163	51	49	2	20	6.05
E6	2	163	50	50	0	23	8.37
E7	2	163	50	48	2	18	4.61
E1	3	163	61	64	-3	12	3.8
E3	3	163	67	66	1	20	5.16
E7	3	163	50	48	2	22	5.63
E1	1	164	65	64	1	9	2.67
E2	1	164	61	63	-2	17	6.26
E3	1	164	63	64	-1	18	3.59
E4	1	164	69	69	0	24	6.65
E5	1	164	55	50	5	14	2.67
E6	1	164	54	50	4	20	8.92
E7	1	164	55	49	6	17	4.43
E8	1	164	54	50	4	21	6.73
E1	2	164	63	64	-1	17	4.06
E2	2	164	61	61	0	18	5.72
E3	2	164	73	70	3	14	1.52
E5	2	164	65	52	13	1	0.89
E6	2	164	55	52	3	16	7.35
E7	2	164	53	50	3	20	5.69
E1	3	164	61	62	-1	15	3.99
E3	3	164	72	68	4	20	3.77
E7	3	164	59	54	5	19	4.93
E1	1	166	65	63	2	14	3.21
E2	1	166	61	61	0	18	6.65
E3	1	166	72	67	5	15	2.47
E4	1	166	68	66	2	17	7
E5	1	166	50	50	0	12	3.54
E6	1	166	51	49	2	14	6.53
E7	1	166	51	50	1	22	6.08
E8	1	166	53	50	3	18	6.35
E1	2	166	63	63	0	16	3.95
E2	2	166	62	61	1	26	8.46
E3	2	166	72	68	4	22	4.25
E5	2	166	50	48	2	16	5.44
E6	2	166	50	48	2	14	6.9
E7	2	166	52	49	3	26	7.76
E1	3	166	63	63	0	14	5.37
E3	3	166	70	66	4	17	3.63
E7	3	166	54	50	4	20	5
E1	1	167	67	66	1	12	3.65
E2	1	167	66	65	1	21	8.02
E3	1	167	69	67	2	17	3.68
E4	1	167	69	68	1	20	6.15
E5	1	167	51	47	4	8	1.68
E6	1	167	53	51	2	20	7.85
E7	1	167	48	46	2	21	8.07
E8	1	167	46	44	2	15	5.95
E1	2	167	65	66	-1	13	2.83
E2	2	167	64	65	-1	19	7.95
E3	2	167	71	68	3	16	2.8
E5	2	167	51	47	4	7	1.77
E6	2	167	52	50	2	14	5.13
E7	2	167	49	47	2	21	7.44
E1	3	167	63	64	-1	11	3.7
E3	3	167	67	65	2	14	2.63
E7	3	167	49	47	2	14	4.35
E1	1	168	65	64	1	10	3.18
E2	1	168	61	62	-1	18	7.46
E3	1	168	71	68	3	16	2.58
E4	1	168	69	67	2	19	8.01
E5	1	168	55	50	5	5	1.3
E6	1	168	51	49	2	15	7.72
E7	1	168	53	50	3	21	6
E8	1	168	53	50	3	17	4.85
E1	2	168	63	63	0	9	3.48
E2	2	168	59	59	0	15	5.2
E3	2	168	73	69	4	21	3.69
E5	2	168	51	50	1	3	0.84
E6	2	168	60	57	3	14	6.52
E7	2	168	53	49	4	22	5.89
E1	3	168	63	62	1	14	3.94
E3	3	168	71	68	3	16	2.54
E7	3	168	56	52	4	15	2.39
E1	1	170	61	61	0	11	3.55
E2	1	170	61	60	1	17	6.67
E3	1	170	68	66	2	17	2.91
E4	1	170	66	65	1	20	8.42
E5	1	170	56	50	6	11	2.27
E6	1	170	51	48	3	18	7.97
E7	1	170	52	51	1	25	7.3
E8	1	170	52	49	3	16	4.9
E1	2	170	63	61	2	15	4.56
E2	2	170	59	58	1	18	7.06
E3	2	170	69	67	2	18	3.96
E5	2	170	56	50	6	16	3.02
E6	2	170	50	48	2	16	6.57
E7	2	170	52	49	3	15	4.27
E1	3	170	61	62	-1	9	2.99
E3	3	170	65	63	2	19	4.81
E7	3	170	54	51	3	17	4.49
E1	1	171	62	63	-1	13	3.71
E2	1	171	62	63	-1	18	6.12
E3	1	171	69	68	1	14	3.32
E4	1	171	67	66	1	13	5.52
E5	1	171	51	47	4	15	3.48
E6	1	171	53	50	3	24	5.17
E7	1	171	50	48	2	18	5.98
E8	1	171	48	46	2	18	7.7
E1	2	171	63	64	-1	10	3.29
E2	2	171	66	65	1	20	7.38
E3	2	171	67	67	0	12	2.59
E5	2	171	51	49	2	5	1.44
E6	2	171	52	50	2	15	4.1
E7	2	171	50	48	2	17	6.01
E1	3	171	61	63	-2	12	5.81
E3	3	171	69	68	1	17	3.96
E7	3	171	49	47	2	10	3.57
E1	1	172	63	62	1	12	4.06
E2	1	172	62	62	0	15	6.34
E3	1	172	71	68	3	13	1.75
E4	1	172	68	67	1	16	6.66
E5	1	172	69	61	8	9	1.24
E6	1	172	51	48	3	19	8.35
E7	1	172	53	51	2	18	5.93
E8	1	172	54	51	3	18	6.18
E1	2	172	63	64	-1	10	3.01
E2	2	172	60	60	0	17	7.52
E3	2	172	72	70	2	17	3.01
E5	2	172	52	50	2	14	4.55
E6	2	172	52	49	3	17	7.94
E7	2	172	53	53	0	20	5.49
E1	3	172	62	61	1	12	5.17
E3	3	172	72	68	4	19	3.59
E7	3	172	53	53	0	15	5.04
E1	1	173	61	63	-2	11	1.91
E2	1	173	67	68	-1	19	9.06
E3	1	173	69	67	2	14	2.45
E4	1	173	66	65	1	16	4.99
E5	1	173	51	49	2	18	4.7
E6	1	173	53	51	2	21	7.72
E7	1	173	49	47	2	20	5.33
E8	1	173	50	48	2	13	5.33
E1	2	173	59	61	-2	13	3.16
E2	2	173	63	65	-2	17	6.24
E3	2	173	74	66	8	9	1.47
E5	2	173	51	47	4	16	4.86
E6	2	173	53	51	2	17	6.8
E7	2	173	50	48	2	13	4.97
E1	3	173	60	61	-1	12	4.66
E3	3	173	68	66	2	16	2.91
E7	3	173	53	51	2	16	4.21
E1	1	174	67	67	0	9	2.72
E2	1	174	65	64	1	17	8.37
E3	1	174	76	71	5	18	3.08
E4	1	174	70	69	1	20	8.94
E5	1	174	65	56	9	9	2.66
E6	1	174	54	50	4	15	6.72
E7	1	174	58	51	7	21	6.7
E8	1	174	54	51	3	18	6.69
E1	2	174	64	64	0	17	3.64
E2	2	174	65	64	1	20	9.18
E3	2	174	73	70	3	20	3.07
E5	2	174	55	50	5	12	3.96
E6	2	174	54	51	3	14	6.46
E7	2	174	58	54	4	26	4.34
E1	3	174	66	64	2	12	3.22
E3	3	174	72	70	2	17	4.05
E7	3	174	60	57	3	13	3.49
E1	1	175	67	66	1	11	3.42
E2	1	175	70	68	2	19	7.41
E3	1	175	69	68	1	13	3.12
E4	1	175	69	69	0	18	8.15
E5	1	175	56	51	5	14	3.87
E6	1	175	54	52	2	13	5.96
E7	1	175	52	50	2	17	5.73
E8	1	175	52	49	3	22	8.79
E1	2	175	66	66	0	10	3.13
E2	2	175	68	68	0	18	7.43
E3	2	175	72	70	2	9	1.69
E5	2	175	57	52	5	15	2
E6	2	175	55	53	2	21	7.56
E7	2	175	54	51	3	12	3.32
E1	3	175	67	66	1	12	3.95
E3	3	175	73	72	1	18	2.34
E7	3	175	55	53	2	9	2.09
E1	1	176	67	66	1	11	2.24
E2	1	176	64	64	0	18	6.21
E3	1	176	72	71	1	14	3.17
E4	1	176	70	70	0	21	8.83
E5	1	176	56	51	5	13	3.45
E6	1	176	60	58	2	17	7.16
E7	1	176	55	53	2	17	6.66
E8	1	176	57	55	2	6	2.51
E1	2	176	69	67	2	8	1.5
E2	2	176	64	64	0	18	5.33
E3	2	176	73	71	2	18	3.32
E5	2	176	56	52	4	9	1.49
E6	2	176	54	51	3	20	8.06
E7	2	176	55	55	0	17	5.96
E1	3	176	67	66	1	17	3.06
E3	3	176	73	70	3	14	2.79
E7	3	176	60	59	1	17	3.67
E1	1	177	65	65	0	12	4.1
E2	1	177	73	72	1	10	4.33
E3	1	177	68	67	1	14	2.84
E4	1	177	70	71	-1	14	5.38
E5	1	177	51	51	0	15	5.22
E6	1	177	59	57	2	13	5.28
E7	1	177	51	49	2	19	7.2
E8	1	177	51	48	3	23	7.23
E1	2	177	68	68	0	2	0.79
E2	2	177	66	65	1	22	7.29
E3	2	177	72	71	1	16	3.08
E5	2	177	51	49	2	13	4.81
E6	2	177	55	53	2	14	4.87
E7	2	177	52	50	2	14	5.97
E1	3	177	64	64	0	6	1.96
E3	3	177	72	72	0	13	3.95
E7	3	177	53	51	2	14	4.9
E1	1	178	61	61	0	12	4.72
E2	1	178	59	60	-1	11	4.94
E3	1	178	70	66	4	11	1.85
E4	1	178	64	66	-2	18	7.8
E5	1	178	65	50	15	7	0.31
E6	1	178	49	48	1	15	5.9
E7	1	178	52	50	2	18	4.57
E8	1	178	52	49	3	4	1.85
E1	2	178	62	60	2	11	2.55
E2	2	178	61	61	0	20	6.47
E3	2	178	67	63	4	16	2.47
E5	2	178	55	48	7	4	1.1
E6	2	178	50	48	2	18	6.78
E7	2	178	51	49	2	20	5.15
E1	3	178	61	60	1	16	3.67
E3	3	178	68	64	4	14	3.35
E7	3	178	53	52	1	13	4.52
E1	1	179	62	63	-1	13	3.46
E2	1	179	65	65	0	18	6.27
E3	1	179	69	64	5	13	2.17
E4	1	179	66	66	0	14	4.88
E5	1	179	51	47	4	12	2.87
E6	1	179	52	50	2	16	5.6
E7	1	179	48	46	2	15	5.98
E8	1	179	49	47	2	8	1.95
E1	2	179	63	64	-1	4	2.08
E2	2	179	64	65	-1	25	7.71
E3	2	179	66	66	0	9	1.85
E5	2	179	51	47	4	13	3.44
E6	2	179	52	50	2	12	5.12
E7	2	179	49	47	2	19	4.71
E1	3	179	63	65	-2	8	3
E3	3	179	73	67	6	11	2.29
E7	3	179	49	47	2	10	3.78
E1	1	180	64	63	1	17	5.3
E2	1	180	63	63	0	17	6.35
E3	1	180	72	69	3	12	2.28
E4	1	180	74	72	2	18	3.74
E5	1	180	65	56	9	7	1.08
E6	1	180	52	49	3	16	6.59
E7	1	180	51	49	2	17	6.22
E8	1	180	53	49	4	12	5.41
E1	2	180	64	64	0	17	4.45
E2	2	180	61	62	-1	15	6.75
E3	2	180	73	69	4	14	2.37
E5	2	180	55	51	4	8	1.07
E6	2	180	53	51	2	11	5.88
E7	2	180	53	49	4	18	5.53
E1	3	180	65	66	-1	16	4.99
E3	3	180	69	68	1	16	4.39
E7	3	180	58	54	4	16	6.19
E1	1	181	63	62	1	12	4.6
E2	1	181	68	68	0	21	9.06
E3	1	181	66	65	1	15	4.72
E4	1	181	66	66	0	8	4.13
E5	1	181	51	47	4	12	3.98
E6	1	181	53	51	2	15	7.03
E7	1	181	49	47	2	19	6.5
E8	1	181	47	45	2	12	4.52
E1	2	181	59	59	0	6	2.67
E2	2	181	67	67	0	11	5.7
E3	2	181	67	65	2	19	5.87
E5	2	181	51	46	5	7	1.83
E6	2	181	52	50	2	20	9.67
E7	2	181	49	47	2	14	3.98
E1	3	181	61	61	0	13	6.34
E3	3	181	66	65	1	16	4.99
E7	3	181	49	47	2	16	4.89
E1	1	182	63	62	1	9	3.92
E2	1	182	62	61	1	19	8.43
E3	1	182	72	68	4	20	3.97
E4	1	182	70	67	3	19	6.33
E5	1	182	66	51	15	9	2.96
E6	1	182	58	54	4	14	5.95
E7	1	182	53	49	4	23	7.23
E8	1	182	53	49	4	4	1.77
E1	2	182	65	63	2	15	5.1
E2	2	182	62	61	1	21	7.28
E3	2	182	70	67	3	17	3.75
E5	2	182	50	48	2	11	4.03
E6	2	182	53	50	3	11	4.84
E7	2	182	53	49	4	19	6.33
E1	3	182	64	62	2	11	2.18
E3	3	182	72	69	3	7	2.19
E7	3	182	61	56	5	11	1.67
E1	1	183	63	64	-1	4	1.24
E2	1	183	69	69	0	15	6.7
E3	1	183	74	71	3	12	2.32
E4	1	183	66	68	-2	9	4.79
E5	1	183	52	47	5	6	2.03
E6	1	183	54	52	2	15	4.39
E7	1	183	50	48	2	13	4.75
E8	1	183	50	48	2	22	11.77
E1	2	183	63	63	0	12	4.63
E2	2	183	67	66	1	8	3.27
E3	2	183	70	68	2	13	3.42
E5	2	183	51	49	2	13	3.96
E6	2	183	52	50	2	13	5.22
E7	2	183	51	48	3	15	3.68
E1	3	183	65	65	0	9	2.86
E3	3	183	72	67	5	11	2.11
E7	3	183	54	51	3	10	2.58
E1	1	184	63	62	1	12	4.04
E2	1	184	65	62	3	17	6.2
E3	1	184	72	70	2	12	2.69
E4	1	184	73	71	2	19	5.11
E5	1	184	65	55	10	6	0.79
E6	1	184	59	56	3	12	3.83
E7	1	184	51	49	2	21	6.89
E8	1	184	52	50	2	21	8.56
E1	2	184	64	62	2	17	3.92
E2	2	184	62	61	1	16	6.32
E3	2	184	75	70	5	19	3.32
E5	2	184	66	52	14	5	0.78
E6	2	184	59	57	2	12	4.48
E7	2	184	54	52	2	21	4.83
E1	3	184	67	64	3	9	3.12
E3	3	184	75	69	6	17	3.46
E7	3	184	55	53	2	22	4.93
E1	1	185	64	66	-2	8	3.88
E2	1	185	67	67	0	20	7.84
E3	1	185	72	70	2	19	4.59
E4	1	185	68	68	0	16	7.2
E5	1	185	51	49	2	17	6.25
E6	1	185	56	55	1	20	6.88
E7	1	185	50	48	2	21	7.75
E8	1	185	50	48	2	18	5.27
E1	2	185	67	66	1	7	2.56
E2	2	185	66	67	-1	20	7.91
E3	2	185	73	71	2	19	4.15
E5	2	185	51	51	0	5	2.12
E6	2	185	53	51	2	24	12.49
E7	2	185	49	47	2	23	9.28
E1	3	185	66	65	1	11	3.62
E3	3	185	73	72	1	17	3.41
E7	3	185	49	47	2	19	7
E1	1	186	63	61	2	15	3.85
E2	1	186	62	61	1	14	6.12
E3	1	186	66	64	2	11	3.65
E4	1	186	67	66	1	21	8.27
E5	1	186	65	51	14	6	0.67
E6	1	186	58	55	3	15	6.62
E7	1	186	52	48	4	18	6.63
E8	1	186	51	48	3	13	5.64
E1	2	186	61	61	0	14	4.71
E2	2	186	60	60	0	19	8.62
E3	2	186	70	67	3	19	4.68
E5	2	186	51	48	3	9	2.27
E6	2	186	52	50	2	17	8.27
E7	2	186	53	49	4	19	4.41
E1	3	186	64	64	0	8	2.46
E3	3	186	69	68	1	18	3.81
E7	3	186	55	52	3	18	3.86
E1	1	188	63	62	1	6	2.11
E2	1	188	61	61	0	19	7.09
E3	1	188	69	66	3	14	3.16
E4	1	188	73	72	1	11	3.64
E5	1	188	65	52	13	13	4.45
E6	1	188	63	60	3	12	5.5
E7	1	188	53	51	2	19	5.83
E8	1	188	52	50	2	11	3.55
E1	2	188	67	65	2	8	3
E2	2	188	62	61	1	19	5.65
E3	2	188	75	72	3	13	2.15
E5	2	188	51	48	3	14	4.75
E6	2	188	52	50	2	11	5.74
E7	2	188	53	50	3	17	4.98
E1	3	188	65	63	2	16	3.8
E3	3	188	71	69	2	15	2.24
E7	3	188	55	53	2	19	3.98
E1	1	190	62	62	0	14	6.06
E2	1	190	65	63	2	18	4.92
E3	1	190	67	65	2	19	5.2
E4	1	190	68	67	1	19	8.85
E5	1	190	65	52	13	13	2.69
E6	1	190	61	59	2	12	5.72
E7	1	190	54	54	0	26	7.17
E8	1	190	52	49	3	13	5.98
E1	2	190	63	62	1	17	5.19
E2	2	190	59	59	0	13	6.68
E3	2	190	70	68	2	23	5.19
E5	2	190	56	52	4	5	0.96
E6	2	190	50	48	2	20	10.1
E7	2	190	53	48	5	23	5.31
E1	3	190	63	62	1	19	5.02
E3	3	190	72	71	1	23	5.35
E7	3	190	55	53	2	20	5.31
E1	1	191	65	64	1	21	5.06
E2	1	191	65	65	0	21	8.9
E3	1	191	69	68	1	20	3.27
E4	1	191	65	66	-1	23	11.71
E5	1	191	51	46	5	13	3.05
E6	1	191	54	52	2	19	7.3
E7	1	191	52	50	2	21	5.64
E8	1	191	52	50	2	17	4.93
E1	2	191	63	63	0	14	3.57
E2	2	191	64	65	-1	19	7.61
E3	2	191	67	66	1	24	4.53
E5	2	191	51	46	5	14	4.58
E6	2	191	50	50	0	23	8.69
E7	2	191	48	46	2	14	3.8
E1	3	191	62	62	0	17	3.57
E3	3	191	71	68	3	23	4.68
E7	3	191	49	47	2	18	6.45
E1	1	192	66	60	6	10	1.82
E2	1	192	62	62	0	17	7.02
E3	1	192	68	64	4	23	6.01
E4	1	192	67	65	2	14	6.87
E5	1	192	65	52	13	18	4.18
E6	1	192	53	50	3	17	8.17
E7	1	192	54	52	2	21	6.22
E8	1	192	54	50	4	15	8.01
E1	2	192	63	62	1	9	2.61
E2	2	192	60	59	1	22	6.93
E3	2	192	67	66	1	18	5.33
E5	2	192	55	51	4	18	4.01
E6	2	192	54	50	4	20	9.19
E7	2	192	53	51	2	17	5.58
E1	3	192	60	60	0	15	4.85
E3	3	192	68	66	2	17	4.36
E7	3	192	54	49	5	19	5.67
E1	1	194	71	65	6	7	1.48
E2	1	194	63	61	2	22	6.13
E3	1	194	69	67	2	14	3.27
E4	1	194	68	67	1	14	6.66
E5	1	194	65	56	9	11	1.76
E6	1	194	58	56	2	18	6.01
E7	1	194	55	55	0	20	4.52
E8	1	194	52	49	3	9	3.65
E1	2	194	65	63	2	12	2.62
E2	2	194	63	62	1	15	4.38
E3	2	194	69	66	3	15	3.25
E5	2	194	52	50	2	11	1.92
E6	2	194	58	55	3	16	5.39
E7	2	194	56	53	3	21	4.2
E1	3	194	66	63	3	12	3.26
E3	3	194	76	71	5	19	3.87
E7	3	194	56	51	5	17	4.57
E1	1	195	66	64	2	14	3.04
E2	1	195	61	61	0	17	8.53
E3	1	195	70	70	0	17	3.63
E4	1	195	66	66	0	14	7.32
E5	1	195	56	52	4	11	3.51
E6	1	195	54	52	2	15	6.02
E7	1	195	53	52	1	18	7.28
E8	1	195	54	51	3	12	4.12
E1	2	195	64	64	0	17	4.07
E2	2	195	61	61	0	21	7.65
E3	2	195	67	65	2	22	4.52
E5	2	195	63	55	8	3	0.66
E6	2	195	53	50	3	16	7.18
E7	2	195	53	53	0	20	6.28
E1	3	195	63	61	2	13	4.82
E3	3	195	68	67	1	9	2.18
E7	3	195	54	52	2	24	4.97
E1	1	196	65	64	1	15	4.41
E2	1	196	63	63	0	17	5.72
E3	1	196	70	68	2	19	4.52
E4	1	196	69	66	3	19	7.47
E5	1	196	66	55	11	12	2.51
E6	1	196	55	52	3	15	6.62
E7	1	196	54	53	1	21	5.84
E8	1	196	53	49	4	20	9.18
E1	2	196	63	62	1	9	2.66
E2	2	196	62	61	1	19	6.96
E3	2	196	69	67	2	16	4.94
E5	2	196	65	58	7	4	0.71
E6	2	196	55	50	5	16	6.34
E7	2	196	53	49	4	20	5.7
E1	3	196	67	62	5	10	2.45
E3	3	196	72	64	8	16	2.84
E7	3	196	58	54	4	15	3.04
E1	1	208	64	64	0	9	3.41
E2	1	208	64	64	0	16	7.45
E3	1	208	70	69	1	17	5.04
E4	1	208	68	67	1	16	7.26
E5	1	208	51	49	2	9	2.56
E6	1	208	57	55	2	17	4.88
E7	1	208	49	47	2	21	8.58
E8	1	208	50	48	2	17	6.65
E1	2	208	63	64	-1	16	6.58
E2	2	208	64	65	-1	15	6.94
E3	2	208	68	67	1	19	4.29
E5	2	208	51	47	4	15	5.78
E6	2	208	54	52	2	14	5.3
E7	2	208	50	48	2	17	6.66
E1	3	208	64	65	-1	12	5.04
E3	3	208	70	69	1	21	3.98
E7	3	208	51	49	2	16	6.99
E1	1	209	68	67	1	11	3
E2	1	209	63	63	0	18	10.43
E3	1	209	75	71	4	17	3.41
E4	1	209	71	70	1	18	8.91
E5	1	209	56	51	5	14	3.53
E6	1	209	60	57	3	15	7.69
E7	1	209	58	52	6	11	4.21
E8	1	209	54	51	3	9	5.01
E1	2	209	66	66	0	17	6.31
E2	2	209	65	64	1	18	8.69
E3	2	209	73	70	3	16	3.82
E5	2	209	58	51	7	14	4.27
E6	2	209	54	51	3	17	9.85
E7	2	209	54	53	1	23	6.34
E1	3	209	64	65	-1	14	5.35
E3	3	209	72	70	2	15	4.13
E7	3	209	57	53	4	22	4.63
E1	1	210	63	64	-1	7	3.36
E2	1	210	67	67	0	20	8.49
E3	1	210	70	69	1	12	2.92
E4	1	210	68	68	0	15	8.22
E5	1	210	51	49	2	14	5.4
E6	1	210	55	53	2	16	7.83
E7	1	210	50	48	2	17	7.62
E8	1	210	52	50	2	11	3.68
E1	2	210	63	62	1	13	5.2
E2	2	210	67	68	-1	14	7.88
E3	2	210	76	75	1	13	2.46
E5	2	210	53	51	2	7	1.57
E6	2	210	53	51	2	18	8.79
E7	2	210	52	50	2	12	4.84
E1	3	210	69	66	3	15	3.45
E3	3	210	69	68	1	16	3.92
E7	3	210	51	48	3	15	6.82
E1	1	212	63	64	-1	11	3.64
E2	1	212	66	65	1	16	5.07
E3	1	212	70	69	1	13	2.24
E4	1	212	68	69	-1	14	7.62
E5	1	212	61	52	9	11	2.85
E6	1	212	58	56	2	15	6.64
E7	1	212	53	50	3	14	4.74
E8	1	212	52	50	2	18	8.12
E1	2	212	63	64	-1	8	3.63
E2	2	212	65	65	0	19	9.51
E3	2	212	72	70	2	11	2.02
E5	2	212	51	49	2	20	5.69
E6	2	212	55	53	2	8	3.49
E7	2	212	53	50	3	14	4.25
E1	3	212	63	64	-1	11	3.69
E3	3	212	71	67	4	11	2.22
E7	3	212	52	50	2	13	4.83
E1	1	213	61	62	-1	6	4.64
E2	1	213	61	63	-2	19	7.92
E3	1	213	71	68	3	16	3.02
E4	1	213	69	70	-1	17	6.1
E5	1	213	65	50	15	5	0.6
E6	1	213	57	55	2	16	7.56
E7	1	213	55	49	6	18	5.09
E8	1	213	53	50	3	16	6
E1	2	213	63	62	1	14	4.07
E2	2	213	61	61	0	19	8.48
E3	2	213	71	68	3	17	3.1
E5	2	213	50	48	2	12	2.79
E6	2	213	53	50	3	15	7.23
E7	2	213	55	52	3	16	3.23
E1	3	213	63	62	1	13	3.85
E3	3	213	66	66	0	17	4.32
E7	3	213	55	53	2	16	3.4
E1	1	214	63	64	-1	14	3.51
E2	1	214	66	66	0	20	9.01
E3	1	214	68	67	1	14	1.19
E4	1	214	68	68	0	19	6.46
E5	1	214	51	49	2	12	2.94
E6	1	214	54	52	2	18	6.8
E7	1	214	49	47	2	18	6.18
E8	1	214	48	45	3	18	7.56
E1	2	214	61	62	-1	12	4.17
E2	2	214	70	69	1	19	8.51
E3	2	214	70	69	1	15	3.37
E5	2	214	51	49	2	13	2.81
E6	2	214	50	50	0	17	7.19
E7	2	214	51	48	3	12	2.41
E1	3	214	63	64	-1	13	3.02
E3	3	214	64	63	1	16	3.57
E7	3	214	50	47	3	18	5.02
E1	1	215	64	61	3	15	2.18
E2	1	215	62	62	0	17	8.15
E3	1	215	67	65	2	20	5.36
E4	1	215	68	68	0	20	8.02
E5	1	215	55	55	0	8	1.81
E6	1	215	57	55	2	12	5.03
E7	1	215	56	52	4	17	4.12
E8	1	215	54	51	3	8	4.57
E1	2	215	63	61	2	19	3.88
E2	2	215	62	59	3	22	6.65
E3	2	215	70	66	4	12	2.67
E5	2	215	55	48	7	4	1.51
E6	2	215	51	49	2	16	8.58
E7	2	215	53	51	2	21	4.4
E1	3	215	68	66	2	12	5.64
E3	3	215	72	68	4	11	3.08
E7	3	215	54	52	2	20	4.83
E1	1	216	64	62	2	17	3.4
E2	1	216	63	63	0	23	7.82
E3	1	216	68	65	3	17	2.73
E4	1	216	67	65	2	28	7.26
E5	1	216	56	51	5	14	1.96
E6	1	216	62	59	3	17	6.07
E7	1	216	48	46	2	25	8.59
E8	1	216	51	48	3	14	3.82
E1	2	216	60	60	0	16	4.49
E2	2	216	64	64	0	22	7.35
E3	2	216	67	64	3	19	3.77
E5	2	216	51	49	2	11	3.16
E6	2	216	54	52	2	22	6.46
E7	2	216	51	49	2	21	6.48
E1	3	216	60	60	0	10	4.01
E3	3	216	63	62	1	21	5.59
E7	3	216	49	47	2	22	6.08
E1	1	217	68	64	4	13	3.35
E2	1	217	65	63	2	21	7.26
E3	1	217	70	68	2	10	3.47
E4	1	217	70	68	2	19	5.59
E5	1	217	58	50	8	10	1.55
E6	1	217	57	53	4	23	10.14
E7	1	217	57	53	4	18	4.48
E8	1	217	55	51	4	21	7.48
E1	2	217	68	63	5	14	3.24
E2	2	217	65	62	3	28	9.02
E3	2	217	69	66	3	22	5.79
E5	2	217	52	50	2	5	0.55
E6	2	217	57	55	2	19	7.16
E7	2	217	57	54	3	21	4.56
E1	3	217	63	60	3	17	2.96
E3	3	217	69	66	3	17	5
E7	3	217	55	52	3	16	5.04
E1	1	218	65	63	2	20	4.43
E2	1	218	68	67	1	24	6.8
E3	1	218	69	67	2	18	4.41
E4	1	218	73	71	2	19	5.69
E5	1	218	53	51	2	20	5.64
E6	1	218	59	55	4	21	6.56
E7	1	218	52	49	3	24	6.79
E8	1	218	54	50	4	13	4.36
E1	2	218	68	65	3	16	3.39
E2	2	218	69	67	2	25	7.44
E3	2	218	74	68	6	14	1.97
E5	2	218	51	49	2	17	5.15
E6	2	218	53	51	2	24	7.65
E7	2	218	53	51	2	20	5.05
E1	3	218	65	64	1	17	4.22
E3	3	218	73	66	7	16	2.95
E7	3	218	53	51	2	18	4.62
E1	1	220	63	63	0	4	1.76
E2	1	220	62	62	0	18	5.97
E3	1	220	70	70	0	13	2.62
E4	1	220	69	68	1	24	5.67
E5	1	220	56	50	6	9	1.48
E6	1	220	53	50	3	12	4.46
E7	1	220	52	49	3	19	5.94
E8	1	220	54	51	3	13	4.31
E1	2	220	61	62	-1	17	4.14
E2	2	220	60	61	-1	20	7.67
E3	2	220	67	68	-1	11	2.61
E5	2	220	56	51	5	3	0.65
E6	2	220	53	50	3	10	3.89
E7	2	220	52	49	3	24	6.22
E1	3	220	63	64	-1	13	4.23
E3	3	220	69	68	1	20	4.21
E7	3	220	53	52	1	10	3.38
E1	1	222	65	64	1	13	3.46
E2	1	222	63	61	2	19	4.7
E3	1	222	71	67	4	18	2.84
E4	1	222	67	67	0	22	8.16
E5	1	222	65	52	13	10	3.71
E6	1	222	53	51	2	20	10.05
E7	1	222	55	52	3	19	4.95
E8	1	222	52	50	2	13	5.77
E1	2	222	65	63	2	16	4.82
E2	2	222	63	62	1	22	6.79
E3	2	222	68	65	3	23	6.62
E5	2	222	50	50	0	13	5.17
E6	2	222	54	51	3	19	9.61
E7	2	222	54	52	2	21	7.22
E1	3	222	70	70	0	3	1.63
E3	3	222	71	67	4	13	3.48
E7	3	222	54	51	3	16	5.24
E1	1	223	64	63	1	20	6.3
E2	1	223	65	65	0	15	6.65
E3	1	223	69	68	1	17	5.3
E4	1	223	70	70	0	15	6.72
E5	1	223	51	49	2	15	5.48
E6	1	223	54	52	2	14	5.56
E7	1	223	52	49	3	23	7.57
E8	1	223	52	49	3	16	5.79
E1	2	223	64	62	2	16	3.94
E2	2	223	65	66	-1	21	7.93
E3	2	223	70	68	2	16	4.14
E5	2	223	52	51	1	8	1.76
E6	2	223	60	57	3	15	8.83
E7	2	223	52	50	2	20	7.65
E1	3	223	62	60	2	18	4.26
E3	3	223	68	67	1	14	2.67
E7	3	223	53	51	2	13	4.98
E1	1	224	63	62	1	7	2.56
E2	1	224	64	61	3	16	6.07
E3	1	224	72	66	6	14	2.1
E4	1	224	70	66	4	16	4.75
E5	1	224	56	48	8	11	1.48
E6	1	224	55	52	3	12	5.83
E7	1	224	55	50	5	19	5.79
E8	1	224	53	49	4	15	4.78
E1	2	224	64	61	3	10	2.45
E2	2	224	63	61	2	17	3.9
E3	2	224	68	63	5	13	3.44
E5	2	224	56	50	6	10	2.19
E6	2	224	52	49	3	12	4.93
E7	2	224	54	50	4	17	3.71
E1	3	224	66	63	3	11	3.08
E3	3	224	78	71	7	8	0.96
E7	3	224	56	51	5	21	4.34
E1	1	226	63	62	1	11	1.93
E2	1	226	68	66	2	17	5.84
E3	1	226	68	66	2	12	2.96
E4	1	226	68	68	0	14	5.83
E5	1	226	57	51	6	2	0.58
E6	1	226	55	53	2	21	7.89
E7	1	226	49	47	2	12	4.41
E8	1	226	51	49	2	15	5.68
E1	2	226	63	64	-1	10	2.15
E2	2	226	67	65	2	18	5.54
E3	2	226	74	66	8	11	1.85
E5	2	226	51	49	2	10	1.79
E6	2	226	52	50	2	25	9.26
E7	2	226	50	48	2	20	6.33
E1	3	226	63	63	0	8	3.06
E3	3	226	69	68	1	13	3.28
E7	3	226	51	49	2	17	5.71
E1	1	227	65	63	2	14	4.19
E2	1	227	63	62	1	19	7.36
E3	1	227	75	69	6	17	2.11
E4	1	227	67	67	0	12	6.47
E5	1	227	52	48	4	11	2.95
E6	1	227	57	55	2	11	5.91
E7	1	227	52	49	3	18	7.15
E8	1	227	53	49	4	13	6.06
E1	2	227	64	64	0	13	2.92
E2	2	227	64	62	2	20	6.11
E3	2	227	72	69	3	12	2.37
E5	2	227	52	48	4	14	4.9
E6	2	227	51	49	2	13	7.04
E7	2	227	53	49	4	18	5.47
E1	3	227	66	62	4	12	3.1
E3	3	227	71	67	4	17	3.27
E7	3	227	55	52	3	18	3.5
E1	1	232	60	62	-2	14	3.24
E2	1	232	68	67	1	17	7.52
E3	1	232	63	64	-1	18	5.13
E4	1	232	66	65	1	17	6.02
E5	1	232	52	49	3	4	1.57
E6	1	232	56	54	2	20	7.86
E7	1	232	49	47	2	20	6.63
E8	1	232	48	46	2	16	5.09
E1	2	232	61	64	-3	12	2.43
E2	2	232	62	64	-2	19	8.62
E3	2	232	66	65	1	18	3.28
E5	2	232	51	49	2	12	3.77
E6	2	232	50	50	0	16	8.24
E7	2	232	49	47	2	11	4.49
E1	3	232	60	62	-2	15	4.02
E3	3	232	65	64	1	17	2.98
E7	3	232	53	51	2	7	1.91
E1	1	233	62	61	1	9	2.23
E2	1	233	65	62	3	16	6
E3	1	233	68	64	4	14	3.59
E4	1	233	67	65	2	16	6.96
E5	1	233	52	50	2	6	0.91
E6	1	233	53	51	2	9	4.52
E7	1	233	55	52	3	21	5.7
E8	1	233	54	51	3	7	3.12
E1	2	233	64	60	4	10	2.23
E2	2	233	65	63	2	12	4.42
E3	2	233	70	67	3	12	2.55
E5	2	233	52	50	2	6	1.53
E6	2	233	53	51	2	13	5.61
E7	2	233	53	51	2	24	6.71
E1	3	233	68	65	3	8	1.52
E3	3	233	72	67	5	15	3.51
E7	3	233	55	54	1	20	5.69
E1	1	234	65	62	3	16	3.29
E2	1	234	67	66	1	22	9.11
E3	1	234	70	69	1	14	3.09
E4	1	234	70	70	0	11	5.59
E5	1	234	51	49	2	18	7.15
E6	1	234	54	51	3	19	7.8
E7	1	234	51	49	2	23	6.42
E8	1	234	51	49	2	17	6.02
E1	2	234	64	62	2	13	3.21
E2	2	234	69	67	2	18	5.26
E3	2	234	70	67	3	18	3.46
E5	2	234	51	46	5	15	6.39
E6	2	234	56	52	4	19	6.8
E7	2	234	52	49	3	19	5.24
E1	3	234	66	62	4	9	1.49
E3	3	234	70	67	3	14	3.38
E7	3	234	53	50	3	19	5.58
E1	1	235	70	65	5	13	1.98
E2	1	235	72	69	3	17	5.68
E3	1	235	70	67	3	7	2.55
E4	1	235	68	69	-1	4	2.41
E5	1	235	52	51	1	9	3.07
E6	1	235	54	52	2	11	3.82
E7	1	235	54	52	2	14	5.28
E8	1	235	53	50	3	14	5.49
E1	2	235	68	66	2	14	5.03
E2	2	235	72	71	1	19	4.48
E3	2	235	75	69	6	9	1.5
E5	2	235	51	51	0	14	5.07
E6	2	235	53	51	2	18	7.56
E7	2	235	55	53	2	20	5.34
E1	3	235	65	64	1	10	2.58
E3	3	235	72	67	5	15	4.49
E7	3	235	57	53	4	14	4.98
E1	1	236	67	65	2	15	2.87
E2	1	236	71	71	0	18	3.77
E3	1	236	71	69	2	21	6.52
E4	1	236	70	70	0	19	9.94
E5	1	236	51	49	2	17	5.32
E6	1	236	54	51	3	17	7.24
E7	1	236	51	49	2	21	7.43
E8	1	236	50	48	2	22	6.28
E1	2	236	70	68	2	5	1.17
E2	2	236	72	72	0	18	3.96
E3	2	236	71	69	2	15	4.45
E5	2	236	51	46	5	19	6.1
E6	2	236	52	50	2	21	8.56
E7	2	236	53	51	2	20	4.52
E1	3	236	66	65	1	12	3.63
E3	3	236	72	70	2	16	3.69
E7	3	236	55	51	4	17	4.1
E1	1	239	60	60	0	14	6.13
E2	1	239	65	64	1	21	8.19
E3	1	239	69	65	4	17	4.37
E4	1	239	65	65	0	12	6.5
E5	1	239	51	51	0	13	4.89
E6	1	239	52	50	2	16	5.85
E7	1	239	50	48	2	22	6.82
E8	1	239	49	46	3	25	8.07
E1	2	239	62	60	2	19	6.52
E2	2	239	66	67	-1	21	9.33
E3	2	239	65	64	1	16	5.19
E5	2	239	51	46	5	11	2.38
E6	2	239	52	50	2	19	9.08
E7	2	239	51	49	2	23	3.15
E1	3	239	61	60	1	14	5.31
E3	3	239	69	65	4	16	3.2
E7	3	239	52	50	2	11	3.78
E1	1	240	61	60	1	6	1.59
E2	1	240	60	59	1	13	7.29
E3	1	240	68	64	4	15	0.85
E4	1	240	65	64	1	17	6.6
E5	1	240	65	51	14	7	0.62
E6	1	240	50	48	2	15	7.45
E7	1	240	54	50	4	16	4.79
E8	1	240	50	47	3	17	6.93
E1	2	240	60	60	0	11	3.28
E2	2	240	58	57	1	14	7.5
E3	2	240	65	62	3	18	4.86
E5	2	240	51	50	1	6	2.11
E6	2	240	53	50	3	14	5.96
E7	2	240	52	50	2	19	5.28
E1	3	240	60	58	2	14	5.39
E3	3	240	65	63	2	13	3.31
E7	3	240	54	51	3	16	3.91
E1	1	241	59	60	-1	9	3.2
E2	1	241	64	64	0	19	8.38
E3	1	241	65	63	2	18	3.29
E4	1	241	67	66	1	18	6.8
E5	1	241	51	47	4	11	3.9
E6	1	241	54	52	2	17	7.16
E7	1	241	48	46	2	23	8.65
E8	1	241	48	46	2	6	1.6
E1	2	241	61	62	-1	8	2.53
E2	2	241	63	64	-1	21	9.54
E3	2	241	65	63	2	16	3.21
E5	2	241	51	47	4	11	4.39
E6	2	241	50	50	0	23	7.12
E7	2	241	48	46	2	21	5.09
E1	3	241	59	60	-1	14	4.62
E3	3	241	68	65	3	15	3.16
E7	3	241	49	47	2	18	4.9
E1	1	243	61	63	-2	10	4.07
E2	1	243	67	69	-2	16	8.08
E3	1	243	67	67	0	1	0.38
E4	1	243	70	70	0	15	8.03
E5	1	243	57	56	1	6	2.27
E6	1	243	55	53	2	13	5.62
E7	1	243	54	52	2	13	4.27
E8	1	243	56	54	2	16	5.26
E1	2	243	64	65	-1	12	5.18
E2	2	243	65	65	0	15	1.31
E3	2	243	70	68	2	10	2.49
E5	2	243	52	51	1	8	3.22
E6	2	243	54	51	3	19	7.47
E7	2	243	54	52	2	9	2.76
E1	3	243	65	64	1	4	2.25
E3	3	243	71	70	1	7	2.07
E7	3	243	54	52	2	4	1.54
E1	1	247	68	64	4	15	3.49
E2	1	247	66	63	3	21	3.93
E3	1	247	75	70	5	12	2.36
E4	1	247	70	68	2	16	6.08
E5	1	247	65	50	15	12	0.92
E6	1	247	55	51	4	18	6.08
E7	1	247	55	53	2	23	5.67
E8	1	247	54	51	3	15	4.65
E1	2	247	66	63	3	11	3.61
E2	2	247	68	65	3	21	5.34
E3	2	247	73	69	4	17	4.15
E5	2	247	69	57	12	3	0.25
E6	2	247	52	49	3	17	8.05
E7	2	247	55	52	3	23	8.15
E1	3	247	62	62	0	9	3.32
E3	3	247	70	67	3	19	4.1
E7	3	247	55	53	2	19	6.57
E1	1	248	61	60	1	15	5.62
E2	1	248	60	59	1	15	6.7
E3	1	248	70	63	7	7	0.97
E4	1	248	68	64	4	18	5.13
E5	1	248	65	50	15	5	0.24
E6	1	248	49	48	1	16	6.6
E7	1	248	53	50	3	19	5.44
E8	1	248	51	48	3	10	4.68
E1	2	248	61	59	2	16	4.21
E2	2	248	60	59	1	14	6.66
E3	2	248	77	64	13	10	1.8
E5	2	248	55	50	5	2	0.73
E6	2	248	51	49	2	14	5.21
E7	2	248	54	51	3	18	4.4
E1	3	248	60	58	2	16	4.51
E3	3	248	74	63	11	16	1.83
E7	3	248	54	52	2	15	5.87
E1	1	249	60	60	0	8	4.14
E2	1	249	64	63	1	21	9.26
E3	1	249	67	63	4	14	2.27
E4	1	249	68	64	4	20	5.39
E5	1	249	51	47	4	11	2.93
E6	1	249	52	50	2	20	7.6
E7	1	249	48	46	2	21	7.03
E8	1	249	48	45	3	9	2.92
E1	2	249	60	60	0	17	6.18
E2	2	249	64	64	0	20	10.67
E3	2	249	67	62	5	12	1.14
E5	2	249	51	47	4	8	2.77
E6	2	249	50	50	0	23	7.4
E7	2	249	48	46	2	18	6.4
E1	3	249	59	59	0	17	7.14
E3	3	249	72	65	7	10	1.54
E7	3	249	54	51	3	13	2.7
E1	1	252	64	63	1	14	4.6
E2	1	252	62	63	-1	16	9.21
E3	1	252	72	70	2	14	4.19
E4	1	252	71	69	2	14	6.35
E5	1	252	58	56	2	14	4.74
E6	1	252	57	55	2	11	4.39
E7	1	252	55	52	3	17	8.48
E8	1	252	58	55	3	6	2.61
E1	2	252	68	66	2	13	4.32
E2	2	252	65	64	1	14	6.88
E3	2	252	70	67	3	9	2.42
E5	2	252	55	50	5	14	5.69
E6	2	252	60	57	3	11	5.06
E7	2	252	53	50	3	18	8.44
E1	3	252	67	65	2	14	4.55
E3	3	252	74	71	3	12	3.12
E7	3	252	57	53	4	15	4.08
E1	1	253	68	68	0	6	1.36
E2	1	253	71	71	0	15	4.1
E3	1	253	83	76	7	3	0.21
E4	1	253	75	74	1	7	2.2
E5	1	253	52	52	0	9	2.73
E6	1	253	63	61	2	12	4.42
E7	1	253	55	52	3	10	2
E8	1	253	57	54	3	13	4.24
E1	2	253	67	66	1	5	1.02
E2	2	253	69	68	1	11	3.56
E3	2	253	79	71	8	7	0.76
E5	2	253	53	53	0	7	0.97
E6	2	253	55	53	2	12	3.72
E7	2	253	54	52	2	8	1.57
E1	3	253	67	66	1	5	1.5
E3	3	253	78	75	3	9	1.13
E7	3	253	56	54	2	13	2.59
E1	1	254	68	65	3	12	3.68
E2	1	254	64	63	1	13	4.88
E3	1	254	71	67	4	17	5.12
E4	1	254	70	69	1	21	8.78
E5	1	254	56	51	5	7	1.89
E6	1	254	60	57	3	18	7.5
E7	1	254	55	49	6	17	7.06
E8	1	254	56	53	3	7	2.09
E1	2	254	66	63	3	13	3.56
E2	2	254	65	63	2	17	6.15
E3	2	254	70	69	1	15	3.57
E5	2	254	56	50	6	16	3.01
E6	2	254	57	54	3	14	5.91
E7	2	254	54	51	3	20	5.61
E1	3	254	63	62	1	9	1.7
E3	3	254	68	67	1	15	4.43
E7	3	254	60	55	5	15	3.64
E1	1	255	67	64	3	7	1.49
E2	1	255	68	68	0	15	5.19
E3	1	255	72	69	3	9	1.13
E4	1	255	72	71	1	10	3.29
E5	1	255	51	49	2	12	3.59
E6	1	255	55	52	3	11	4.8
E7	1	255	52	49	3	11	3.66
E8	1	255	52	49	3	17	6.38
E1	2	255	65	64	1	6	1.77
E2	2	255	67	67	0	14	5.7
E3	2	255	70	67	3	9	1.89
E5	2	255	51	49	2	14	5.31
E6	2	255	56	53	3	17	7.24
E7	2	255	52	50	2	13	4.19
E1	3	255	65	63	2	9	2.62
E3	3	255	68	66	2	13	4
E7	3	255	54	51	3	11	2.99
E1	1	256	67	64	3	15	4.2
E2	1	256	65	64	1	20	6.4
E3	1	256	73	68	5	11	3.02
E4	1	256	70	70	0	13	5
E5	1	256	55	50	5	9	1.58
E6	1	256	55	53	2	18	6.24
E7	1	256	56	52	4	18	3.89
E8	1	256	54	51	3	17	6.66
E1	2	256	68	64	4	13	4.56
E2	2	256	65	64	1	15	4.17
E3	2	256	73	68	5	19	3.55
E5	2	256	52	48	4	10	3.26
E6	2	256	53	49	4	17	7.35
E7	2	256	55	52	3	16	4.19
E1	3	256	61	61	0	10	3.85
E3	3	256	66	62	4	17	4.49
E7	3	256	51	49	2	17	4.78
E1	1	257	65	64	1	15	3.62
E2	1	257	68	68	0	16	7.19
E3	1	257	69	69	0	17	3.93
E4	1	257	70	69	1	19	7.41
E5	1	257	51	49	2	15	4.05
E6	1	257	59	56	3	12	4.92
E7	1	257	57	54	3	11	2.7
E8	1	257	51	49	2	20	6.97
E1	2	257	68	66	2	16	4.3
E2	2	257	69	68	1	16	6.25
E3	2	257	72	70	2	18	4.05
E5	2	257	51	49	2	18	3.13
E6	2	257	52	50	2	20	8.53
E7	2	257	54	51	3	18	4.5
E1	3	257	64	63	1	17	4.18
E3	3	257	70	69	1	17	4.25
E7	3	257	57	54	3	17	4.43
E1	1	258	65	62	3	6	2.92
E2	1	258	62	61	1	20	7.95
E3	1	258	71	67	4	17	3.81
E4	1	258	69	67	2	15	6.33
E5	1	258	52	51	1	11	3.02
E6	1	258	53	51	2	15	5.31
E7	1	258	54	52	2	17	4.08
E8	1	258	53	49	4	16	7.18
E1	2	258	61	60	1	13	4.14
E2	2	258	66	64	2	16	6.1
E3	2	258	72	65	7	15	2.47
E5	2	258	52	50	2	10	3.15
E6	2	258	51	48	3	19	6.61
E7	2	258	54	51	3	22	5.94
E1	3	258	68	65	3	7	2.28
E3	3	258	76	69	7	14	2.95
E7	3	258	56	54	2	18	6.09
E1	1	259	64	63	1	13	3.81
E2	1	259	68	67	1	20	8.59
E3	1	259	70	68	2	15	2.68
E4	1	259	65	65	0	11	5.99
E5	1	259	51	49	2	13	3.88
E6	1	259	54	51	3	16	4.92
E7	1	259	51	49	2	18	6.45
E8	1	259	51	49	2	18	6
E1	2	259	64	62	2	14	3.94
E2	2	259	68	68	0	21	6.92
E3	2	259	68	67	1	12	2.85
E5	2	259	51	49	2	10	3.34
E6	2	259	56	52	4	18	5.55
E7	2	259	54	51	3	20	5.39
E1	3	259	63	62	1	12	4.52
E3	3	259	69	67	2	16	4.1
E7	3	259	52	50	2	19	7
E1	1	261	64	64	0	8	3.37
E2	1	261	68	68	0	18	8.17
E3	1	261	71	69	2	16	3.22
E4	1	261	72	70	2	16	4.78
E5	1	261	51	49	2	15	4.76
E6	1	261	56	53	3	14	5.86
E7	1	261	51	49	2	20	7.64
E8	1	261	53	50	3	27	6.01
E1	2	261	67	65	2	15	3.77
E2	2	261	68	66	2	15	6.65
E3	2	261	70	68	2	14	3.26
E5	2	261	52	51	1	4	0.92
E6	2	261	52	50	2	10	4.74
E7	2	261	50	48	2	15	5.22
E1	3	261	64	65	-1	8	3.68
E3	3	261	75	71	4	12	1.66
E7	3	261	55	53	2	12	2.81
E1	1	262	66	63	3	12	2.87
E2	1	262	65	63	2	22	7.97
E3	1	262	72	69	3	16	4.35
E4	1	262	71	69	2	17	5.18
E5	1	262	58	50	8	5	1.45
E6	1	262	55	51	4	15	6.15
E7	1	262	55	52	3	14	5.06
E8	1	262	54	51	3	13	5.09
E1	2	262	66	64	2	11	3.17
E2	2	262	65	63	2	19	6.54
E3	2	262	70	68	2	17	3.65
E5	2	262	56	50	6	18	3.09
E6	2	262	54	50	4	19	8.63
E7	2	262	59	55	4	10	3.39
E1	3	262	67	65	2	14	2.92
E3	3	262	71	69	2	17	3.58
E7	3	262	55	54	1	17	4.46
E1	1	263	64	64	0	16	3.94
E2	1	263	68	67	1	22	9.59
E3	1	263	71	68	3	14	2.28
E4	1	263	69	69	0	19	10.2
E5	1	263	52	51	1	16	6.3
E6	1	263	54	52	2	24	8.69
E7	1	263	53	51	2	18	3.96
E8	1	263	52	50	2	10	2.88
E1	2	263	64	63	1	16	4.43
E2	2	263	69	69	0	20	7.8
E3	2	263	70	69	1	21	3.01
E5	2	263	51	51	0	8	1.62
E6	2	263	55	53	2	20	6.68
E7	2	263	53	51	2	21	5.4
E1	3	263	66	63	3	15	2.21
E3	3	263	75	70	5	10	1.32
E7	3	263	55	52	3	18	5.76
E1	1	265	67	66	1	7	2.66
E2	1	265	72	70	2	11	4.22
E3	1	265	75	70	5	10	1.87
E4	1	265	74	71	3	14	4.42
E5	1	265	51	51	0	7	2.85
E6	1	265	61	58	3	17	5.92
E7	1	265	54	51	3	11	4.61
E8	1	265	53	50	3	6	1.74
E1	2	265	69	66	3	2	0.24
E2	2	265	67	65	2	10	4.23
E3	2	265	75	71	4	8	1.48
E5	2	265	52	51	1	9	2.47
E6	2	265	57	55	2	12	4.69
E7	2	265	54	51	3	12	3.89
E1	3	265	67	64	3	11	2.73
E3	3	265	72	70	2	12	2.77
E7	3	265	52	48	4	12	3.62
E1	1	266	62	61	1	23	4.95
E2	1	266	62	62	0	15	5.58
E3	1	266	67	67	0	10	2.78
E4	1	266	66	67	-1	14	5.95
E5	1	266	53	50	3	11	2.98
E6	1	266	54	52	2	13	6.28
E7	1	266	54	52	2	18	4.73
E8	1	266	53	51	2	8	2.95
E1	2	266	62	62	0	18	3.5
E2	2	266	63	63	0	14	4.78
E3	2	266	72	71	1	16	3.31
E5	2	266	55	52	3	6	0.85
E6	2	266	51	49	2	18	7.52
E7	2	266	55	53	2	17	3.59
E1	3	266	67	62	5	12	2.24
E3	3	266	71	66	5	18	4.23
E7	3	266	55	52	3	19	6.77
E1	1	267	62	62	0	18	3.42
E2	1	267	65	65	0	18	7.07
E3	1	267	69	69	0	13	3.42
E4	1	267	68	68	0	17	5.17
E5	1	267	51	49	2	4	5.37
E6	1	267	56	54	2	19	5.78
E7	1	267	50	48	2	19	5.04
E8	1	267	51	49	2	13	4.79
E1	2	267	61	62	-1	13	3.78
E2	2	267	67	66	1	28	7.59
E3	2	267	65	66	-1	18	4.76
E5	2	267	51	49	2	12	3.17
E6	2	267	52	50	2	24	6.66
E7	2	267	52	50	2	16	5.07
E1	3	267	61	62	-1	17	3.68
E3	3	267	65	67	-2	20	5.36
E7	3	267	53	51	2	18	4.67
E1	1	268	64	62	2	7	1.6
E2	1	268	63	59	4	18	6.7
E3	1	268	71	65	6	17	3.8
E4	1	268	69	65	4	18	6.19
E5	1	268	56	50	6	12	3.02
E6	1	268	60	57	3	12	4.4
E7	1	268	53	51	2	17	7.4
E8	1	268	51	48	3	15	6.61
E1	2	268	64	62	2	10	2.7
E2	2	268	62	59	3	22	6.2
E3	2	268	70	64	6	18	4.54
E5	2	268	50	48	2	14	3.89
E6	2	268	53	50	3	13	5.87
E7	2	268	53	48	5	17	5.99
E1	3	268	64	62	2	11	3.45
E3	3	268	71	65	6	16	4.02
E7	3	268	53	50	3	18	6.15
E1	1	269	65	63	2	15	4.3
E2	1	269	68	65	3	16	6.25
E3	1	269	75	69	6	16	3.63
E4	1	269	72	68	4	17	6.66
E5	1	269	51	47	4	13	4.03
E6	1	269	58	56	2	10	4.15
E7	1	269	50	48	2	12	4.45
E8	1	269	50	47	3	6	1.35
E1	2	269	65	63	2	16	3.85
E2	2	269	65	65	0	14	5.05
E3	2	269	75	70	5	18	3.77
E5	2	269	51	49	2	15	5.88
E6	2	269	52	50	2	11	4.47
E7	2	269	51	49	2	16	4.66
E1	3	269	69	64	5	7	1.64
E3	3	269	84	72	12	7	0.87
E7	3	269	54	50	4	17	5.43
E1	1	270	63	63	0	13	3.85
E2	1	270	62	62	0	19	7.8
E3	1	270	73	69	4	14	2.78
E4	1	270	72	72	0	8	3.84
E5	1	270	69	51	18	2	0.41
E6	1	270	59	54	5	12	4.58
E7	1	270	54	51	3	21	6.6
E8	1	270	53	49	4	13	4.57
E1	2	270	61	62	-1	13	5.35
E2	2	270	61	61	0	16	7.42
E3	2	270	69	67	2	16	4.21
E5	2	270	69	51	18	2	0.49
E6	2	270	51	49	2	15	6.28
E7	2	270	57	53	4	18	3.61
E1	3	270	61	61	0	11	2.59
E3	3	270	73	70	3	12	1.35
E7	3	270	56	53	3	18	3.3
E1	1	271	65	65	0	14	2.92
E2	1	271	65	67	-2	21	8.34
E3	1	271	72	70	2	15	3.25
E4	1	271	67	68	-1	23	9.61
E5	1	271	52	51	1	9	3.11
E6	1	271	53	50	3	16	5.81
E7	1	271	52	49	3	15	4.92
E8	1	271	51	49	2	21	5.47
E1	2	271	64	64	0	17	4.23
E2	2	271	68	68	0	17	5.88
E3	2	271	70	68	2	16	3.55
E5	2	271	51	49	2	13	3.94
E6	2	271	55	52	3	14	6.36
E7	2	271	52	50	2	20	6.37
E1	3	271	63	63	0	14	4.73
E3	3	271	70	68	2	16	4.22
E7	3	271	53	50	3	23	6.05
E1	1	272	63	63	0	7	3.47
E2	1	272	64	63	1	20	7.11
E3	1	272	73	69	4	9	1.68
E4	1	272	68	67	1	18	8.76
E5	1	272	69	61	8	6	0.6
E6	1	272	53	50	3	20	9.15
E7	1	272	55	51	4	23	5.8
E8	1	272	53	50	3	18	6.47
E1	2	272	62	62	0	9	3.7
E2	2	272	61	62	-1	19	8.68
E3	2	272	72	71	1	11	2.65
E5	2	272	55	51	4	6	0.36
E6	2	272	54	52	2	15	5.83
E7	2	272	58	54	4	10	3.36
E1	3	272	65	65	0	15	4.57
E3	3	272	73	71	2	8	1.18
E7	3	272	56	52	4	16	3.81
E1	1	274	62	62	0	8	2.04
E2	1	274	62	61	1	12	4.83
E3	1	274	72	67	5	13	2.08
E4	1	274	70	69	1	13	5.37
E5	1	274	69	52	17	1	0.31
E6	1	274	55	52	3	12	4.37
E7	1	274	52	50	2	17	5.35
E8	1	274	52	49	3	15	5.69
E1	2	274	60	60	0	15	4.53
E2	2	274	59	59	0	20	6.92
E3	2	274	67	66	1	15	4.56
E5	2	274	52	50	2	6	2.21
E6	2	274	53	50	3	15	6.9
E7	2	274	53	51	2	18	4.59
E1	3	274	62	61	1	14	3.78
E3	3	274	69	65	4	15	3.59
E7	3	274	53	51	2	18	6.32
E1	1	275	62	60	2	12	4.16
E2	1	275	69	68	1	16	5.64
E3	1	275	69	67	2	9	1.61
E4	1	275	69	68	1	12	5.51
E5	1	275	51	49	2	11	2.55
E6	1	275	52	50	2	17	5.3
E7	1	275	53	51	2	18	5.75
E8	1	275	50	48	2	13	4.14
E1	2	275	64	63	1	17	4.35
E2	2	275	65	65	0	20	6.38
E3	2	275	69	66	3	13	4.04
E5	2	275	51	46	5	17	4.61
E6	2	275	50	50	0	12	5.32
E7	2	275	52	50	2	22	5.43
E1	3	275	63	61	2	17	4.09
E3	3	275	71	68	3	13	2.73
E7	3	275	52	50	2	12	3.16
E1	1	276	64	62	2	12	3.87
E2	1	276	61	61	0	20	7.15
E3	1	276	72	68	4	15	2.97
E4	1	276	66	65	1	20	6.47
E5	1	276	50	48	2	15	2.81
E6	1	276	53	50	3	17	6.3
E7	1	276	53	48	5	21	6.44
E8	1	276	54	50	4	12	4.32
E1	2	276	63	63	0	10	2.78
E2	2	276	60	59	1	22	7.67
E3	2	276	69	66	3	18	3.72
E5	2	276	51	48	3	11	3.26
E6	2	276	57	55	2	13	5.3
E7	2	276	53	48	5	18	4.59
E1	3	276	60	59	1	6	1.7
E3	3	276	68	66	2	18	3.97
E7	3	276	58	53	5	9	1.98
E1	1	277	61	60	1	14	3.78
E2	1	277	66	65	1	20	6.33
E3	1	277	68	66	2	14	2.66
E4	1	277	65	65	0	13	5.37
E5	1	277	51	47	4	14	3.1
E6	1	277	53	50	3	16	3.82
E7	1	277	49	47	2	21	6.33
E8	1	277	50	47	3	15	5.59
E1	2	277	63	63	0	15	3.97
E2	2	277	63	63	0	18	7.38
E3	2	277	68	65	3	14	3.88
E5	2	277	51	47	4	17	4.24
E6	2	277	50	50	0	13	3.36
E7	2	277	49	47	2	17	4.57
E1	3	277	62	63	-1	12	4.12
E3	3	277	65	64	1	16	4.19
E7	3	277	52	48	4	16	3.51
E1	1	279	66	64	2	11	3.49
E2	1	279	69	69	0	19	7.96
E3	1	279	73	69	4	9	1.91
E4	1	279	69	68	1	8	4.43
E5	1	279	51	49	2	15	4.1
E6	1	279	53	51	2	18	5.88
E7	1	279	55	51	4	15	3.92
E8	1	279	51	49	2	5	1.65
E1	2	279	64	62	2	11	2.97
E2	2	279	67	67	0	16	6.66
E3	2	279	70	67	3	14	4.27
E5	2	279	51	49	2	6	2.22
E6	2	279	52	50	2	15	6.46
E7	2	279	54	52	2	14	4.21
E1	3	279	65	64	1	9	3.59
E3	3	279	76	69	7	10	2.11
E7	3	279	54	52	2	17	5.78
E1	1	281	66	64	2	16	4.19
E2	1	281	70	69	1	16	6.37
E3	1	281	73	70	3	15	3.7
E4	1	281	70	69	1	15	8.03
E5	1	281	51	51	0	15	3.76
E6	1	281	53	51	2	18	7.06
E7	1	281	55	53	2	20	6.55
E8	1	281	54	51	3	24	8.87
E1	2	281	68	66	2	8	2.29
E2	2	281	68	68	0	22	7.89
E3	2	281	70	68	2	13	4.28
E5	2	281	52	51	1	13	2.33
E6	2	281	53	51	2	20	7.93
E7	2	281	56	54	2	11	3.12
E1	3	281	66	64	2	14	3.7
E3	3	281	75	72	3	11	1.61
E7	3	281	56	54	2	19	5.24
E1	1	284	63	63	0	9	3.15
E2	1	284	61	62	-1	18	7.21
E3	1	284	69	67	2	17	4.31
E4	1	284	67	65	2	20	8.67
E5	1	284	66	61	5	10	1.43
E6	1	284	53	50	3	19	7.52
E7	1	284	53	50	3	12	4.28
E8	1	284	51	49	2	20	6.42
E1	2	284	65	63	2	8	2.29
E2	2	284	61	61	0	20	6.78
E3	2	284	70	69	1	15	3.27
E5	2	284	56	50	6	8	1.25
E6	2	284	52	49	3	15	7.12
E7	2	284	53	50	3	22	4.85
E1	3	284	62	61	1	14	4.74
E3	3	284	70	68	2	18	4.38
E7	3	284	60	57	3	19	3.59
E1	1	285	61	64	-3	12	3.14
E2	1	285	64	65	-1	22	8.75
E3	1	285	70	68	2	14	1.99
E4	1	285	66	67	-1	16	6.64
E5	1	285	51	49	2	8	2.59
E6	1	285	54	52	2	16	5.22
E7	1	285	49	47	2	23	7.65
E8	1	285	49	47	2	23	7.72
E1	2	285	62	64	-2	8	2.33
E2	2	285	67	69	-2	12	5.63
E3	2	285	66	66	0	15	2.21
E5	2	285	51	49	2	23	7.55
E6	2	285	52	51	1	21	8.67
E7	2	285	52	50	2	15	2.33
E1	3	285	61	64	-3	17	5.28
E3	3	285	68	67	1	15	3.03
E7	3	285	51	48	3	20	4.12
E1	1	286	64	61	3	15	4.3
E2	1	286	60	59	1	13	5.77
E3	1	286	68	63	5	10	3.51
E4	1	286	65	63	2	20	7.78
E5	1	286	55	50	5	6	1.03
E6	1	286	54	52	2	11	4.67
E7	1	286	54	51	3	18	5.08
E8	1	286	54	50	4	13	4.5
E1	2	286	60	60	0	15	4.66
E2	2	286	59	59	0	15	6.53
E3	2	286	68	64	4	9	2.51
E5	2	286	52	51	1	5	1.04
E6	2	286	53	50	3	13	5.38
E7	2	286	53	51	2	17	4.83
E1	3	286	60	60	0	14	2.37
E3	3	286	65	64	1	10	2.03
E7	3	286	54	51	3	10	2.58
E1	1	287	60	60	0	19	5.45
E2	1	287	62	62	0	14	6.17
E3	1	287	72	67	5	15	3.55
E4	1	287	69	67	2	10	3.63
E5	1	287	51	49	2	11	4.15
E6	1	287	54	52	2	10	3.26
E7	1	287	52	49	3	20	5.47
E8	1	287	49	47	2	17	6.58
E1	2	287	61	61	0	18	6.44
E2	2	287	65	65	0	16	6.99
E3	2	287	65	64	1	16	3.86
E5	2	287	51	46	5	17	5.29
E6	2	287	52	50	2	11	4.11
E7	2	287	51	49	2	14	4.02
E1	3	287	60	60	0	17	8.36
E3	3	287	67	63	4	14	3.69
E7	3	287	53	50	3	10	3.25
E1	1	288	67	64	3	13	3.87
E2	1	288	68	65	3	24	5.86
E3	1	288	72	70	2	9	2.49
E4	1	288	70	69	1	18	7.18
E5	1	288	56	52	4	11	2.32
E6	1	288	57	55	2	12	5.27
E7	1	288	55	53	2	14	5.43
E8	1	288	56	52	4	21	7.22
E1	2	288	70	68	2	11	2.57
E2	2	288	65	65	0	27	6.02
E3	2	288	73	69	4	18	2.85
E5	2	288	55	52	3	17	4.41
E6	2	288	55	51	4	13	5.21
E7	2	288	56	54	2	19	4.69
E1	3	288	63	63	0	16	3.57
E3	3	288	69	67	2	19	6.39
E7	3	288	55	53	2	18	6.06
E1	1	289	67	65	2	16	4.54
E2	1	289	73	72	1	21	5.07
E3	1	289	69	68	1	13	3.74
E4	1	289	71	71	0	23	9.7
E5	1	289	56	56	0	14	4.18
E6	1	289	54	51	3	29	9.55
E7	1	289	55	53	2	18	5.71
E8	1	289	53	51	2	14	5.3
E1	2	289	66	65	1	14	3.02
E2	2	289	68	69	-1	27	9.56
E3	2	289	71	69	2	19	4
E5	2	289	61	51	10	3	1.17
E6	2	289	57	55	2	21	8.52
E7	2	289	55	53	2	18	5.19
E1	3	289	68	64	4	11	1.78
E3	3	289	69	69	0	12	2.11
E7	3	289	58	55	3	16	4.24
E1	1	290	60	60	0	19	6.07
E2	1	290	60	59	1	15	7.85
E3	1	290	66	64	2	19	5.06
E4	1	290	67	65	2	18	7.29
E5	1	290	53	50	3	15	4.69
E6	1	290	53	50	3	14	5.67
E7	1	290	54	51	3	19	5.11
E8	1	290	53	49	4	10	4.81
E1	2	290	61	61	0	15	4.94
E2	2	290	59	59	0	18	8.01
E3	2	290	67	63	4	15	3.28
E5	2	290	52	50	2	12	4.14
E6	2	290	50	49	1	11	5.7
E7	2	290	52	50	2	21	7.5
E1	3	290	60	60	0	12	3.07
E3	3	290	73	65	8	11	2.2
E7	3	290	55	52	3	10	3.15
E1	1	291	60	60	0	17	4.64
E2	1	291	64	64	0	13	6.05
E3	1	291	67	63	4	18	4.48
E4	1	291	68	66	2	15	6.75
E5	1	291	51	49	2	16	6.44
E6	1	291	56	54	2	14	4.87
E7	1	291	51	49	2	21	6.52
E8	1	291	52	50	2	20	7.74
E1	2	291	60	60	0	21	6.86
E2	2	291	64	65	-1	16	8.44
E3	2	291	62	61	1	16	5.34
E5	2	291	51	49	2	13	4.35
E6	2	291	50	50	0	16	6.08
E7	2	291	53	51	2	14	3.58
E1	3	291	60	61	-1	20	5.85
E3	3	291	64	63	1	21	4.38
E7	3	291	54	52	2	15	4.43
E1	1	293	63	65	-2	12	3.64
E2	1	293	69	69	0	16	5.54
E3	1	293	66	65	1	19	4.59
E4	1	293	68	69	-1	3	1.27
E5	1	293	51	49	2	12	4.52
E6	1	293	56	54	2	19	7.4
E7	1	293	53	51	2	11	4.18
E8	1	293	50	48	2	20	7.43
E1	2	293	65	65	0	9	2.46
E2	2	293	68	67	1	14	4.9
E3	2	293	67	67	0	14	4.41
E5	2	293	51	51	0	3	1.67
E6	2	293	54	53	1	19	4.35
E7	2	293	52	50	2	14	4.75
E1	3	293	63	62	1	14	2.44
E3	3	293	69	68	1	12	3.74
E7	3	293	54	52	2	15	4.16
E1	1	294	67	65	2	10	3.3
E2	1	294	61	61	0	22	7.1
E3	1	294	69	66	3	21	3.57
E4	1	294	68	68	0	19	8.66
E5	1	294	55	51	4	18	4.87
E6	1	294	53	50	3	15	7.42
E7	1	294	54	50	4	22	6.8
E8	1	294	53	50	3	9	3.64
E1	2	294	65	65	0	10	3.52
E2	2	294	61	61	0	20	9.42
E3	2	294	69	68	1	18	6.08
E5	2	294	50	50	0	15	5.26
E6	2	294	63	60	3	15	5.92
E7	2	294	54	52	2	14	5.04
E1	3	294	66	65	1	14	4.12
E3	3	294	70	69	1	13	3.63
E7	3	294	54	53	1	23	7.03
E1	1	295	63	64	-1	11	3.41
E2	1	295	67	67	0	17	5.91
E3	1	295	70	69	1	12	2.94
E4	1	295	68	68	0	15	6.82
E5	1	295	51	49	2	11	4.26
E6	1	295	56	55	1	15	5.65
E7	1	295	51	49	2	20	7.06
E8	1	295	51	49	2	18	7.65
E1	2	295	64	66	-2	14	3.65
E2	2	295	69	68	1	18	6.93
E3	2	295	68	67	1	18	3.97
E5	2	295	51	49	2	7	0.91
E6	2	295	53	51	2	22	8.52
E7	2	295	51	49	2	24	7.5
E1	3	295	64	65	-1	8	3.05
E3	3	295	65	67	-2	14	4.6
E7	3	295	52	50	2	14	4.85
E1	1	296	61	61	0	11	4.07
E2	1	296	62	62	0	18	6.04
E3	1	296	71	69	2	21	4.78
E4	1	296	67	66	1	18	6.58
E5	1	296	66	55	11	12	1.96
E6	1	296	56	53	3	16	5.61
E7	1	296	53	49	4	18	5.95
E8	1	296	51	49	2	20	8.38
E1	2	296	63	62	1	14	4.36
E2	2	296	62	61	1	23	7.01
E3	2	296	70	69	1	18	4.55
E5	2	296	65	51	14	19	2.53
E6	2	296	53	50	3	22	9.17
E7	2	296	54	52	2	24	5.43
E1	3	296	65	63	2	11	2.94
E3	3	296	72	68	4	16	2.93
E7	3	296	58	55	3	16	3.09
E1	1	297	61	62	-1	11	4.02
E2	1	297	65	65	0	19	5.47
E3	1	297	70	69	1	16	3.45
E4	1	297	64	64	0	18	8.18
E5	1	297	51	49	2	17	5.62
E6	1	297	55	53	2	25	10.37
E7	1	297	49	47	2	21	6.97
E8	1	297	50	48	2	16	6.49
E1	2	297	63	64	-1	11	2.66
E2	2	297	69	70	-1	20	5.98
E3	2	297	71	70	1	16	4.54
E5	2	297	51	49	2	14	4.57
E6	2	297	52	50	2	25	9.26
E7	2	297	52	50	2	16	3.83
E1	3	297	62	60	2	7	1.71
E3	3	297	72	68	4	8	2.72
E7	3	297	52	50	2	14	5.43
E1	1	298	67	64	3	14	3.86
E2	1	298	63	64	-1	20	5.52
E3	1	298	72	68	4	17	3.03
E4	1	298	69	69	0	16	6.57
E5	1	298	69	56	13	6	0.74
E6	1	298	62	59	3	13	4.54
E7	1	298	53	49	4	20	6.87
E8	1	298	53	50	3	22	8.16
E1	2	298	63	65	-2	8	2.79
E2	2	298	63	63	0	21	6.98
E3	2	298	72	69	3	18	4.07
E5	2	298	66	52	14	4	0.65
E6	2	298	56	54	2	13	3.78
E7	2	298	53	50	3	24	6.58
E1	3	298	64	64	0	20	4.65
E3	3	298	72	70	2	20	3.82
E7	3	298	54	52	2	17	4.9
E1	1	300	66	66	0	9	2.47
E2	1	300	66	66	0	20	9.66
E3	1	300	70	70	0	6	1.69
E4	1	300	67	67	0	21	9.67
E5	1	300	51	49	2	15	4.67
E6	1	300	54	52	2	16	5.53
E7	1	300	51	48	3	15	6.03
E8	1	300	50	48	2	13	4
E1	2	300	62	67	-5	9	3.93
E2	2	300	66	66	0	10	4.76
E3	2	300	74	71	3	11	2.36
E5	2	300	51	49	2	16	5.34
E6	2	300	53	51	2	22	6.57
E7	2	300	51	49	2	12	3.46
E1	3	300	64	64	0	13	5.46
E3	3	300	74	70	4	10	1.9
E7	3	300	54	52	2	10	3.9
E1	1	303	64	62	2	15	5.16
E2	1	303	62	60	2	18	8.41
E3	1	303	71	67	4	14	2.98
E4	1	303	69	67	2	17	6.42
E5	1	303	55	50	5	13	3.13
E6	1	303	58	54	4	13	5.86
E7	1	303	54	50	4	16	5.07
E8	1	303	52	49	3	13	5.13
E1	2	303	67	63	4	10	2.8
E2	2	303	62	61	1	20	6.68
E3	2	303	72	67	5	20	3.96
E5	2	303	51	48	3	18	4.42
E6	2	303	59	55	4	15	5.44
E7	2	303	53	48	5	19	6.95
E1	3	303	64	62	2	14	5.75
E3	3	303	72	69	3	18	5.26
E7	3	303	57	54	3	20	4.75
E1	1	305	63	60	3	8	1.56
E2	1	305	63	62	1	12	4.79
E3	1	305	70	65	5	15	3.21
E4	1	305	68	66	2	15	6.87
E5	1	305	50	50	0	3	1.04
E6	1	305	53	50	3	17	7.08
E7	1	305	52	50	2	18	5.51
E8	1	305	52	49	3	12	3.37
E1	2	305	68	61	7	13	3.03
E2	2	305	62	59	3	14	3.55
E3	2	305	71	66	5	14	3.55
E5	2	305	50	47	3	11	3.19
E6	2	305	50	48	2	19	8.28
E7	2	305	53	51	2	21	4.88
E1	3	305	68	65	3	6	1.03
E3	3	305	69	69	0	16	5.2
E7	3	305	56	54	2	14	5.01
E1	1	306	60	60	0	12	3.62
E2	1	306	65	65	0	16	4.17
E3	1	306	66	63	3	11	2.74
E4	1	306	65	64	1	14	6.54
E5	1	306	51	49	2	12	4.23
E6	1	306	53	50	3	16	6.12
E7	1	306	50	48	2	18	5.28
E8	1	306	49	47	2	9	3.97
E1	2	306	63	60	3	14	4.35
E2	2	306	61	62	-1	18	7.64
E3	2	306	68	64	4	11	1.86
E5	2	306	51	49	2	16	4.78
E6	2	306	53	51	2	16	6.12
E7	2	306	50	48	2	16	5.13
E1	3	306	60	59	1	11	2.86
E3	3	306	72	68	4	11	1.47
E7	3	306	51	49	2	16	4.7
E1	1	307	67	61	6	12	3.93
E2	1	307	65	63	2	20	6.66
E3	1	307	70	66	4	11	2.59
E4	1	307	69	67	2	15	7.9
E5	1	307	65	51	14	10	0.62
E6	1	307	55	50	5	18	7.37
E7	1	307	56	52	4	24	6.3
E8	1	307	54	50	4	11	5.96
E1	2	307	63	61	2	13	2.86
E2	2	307	65	63	2	16	5.96
E3	2	307	71	64	7	14	4.21
E5	2	307	68	55	13	4	0.24
E6	2	307	54	50	4	18	9.31
E7	2	307	57	52	5	19	3.77
E1	3	307	68	63	5	10	1.71
E3	3	307	71	67	4	17	4.49
E7	3	307	56	54	2	15	4.81
E1	1	308	63	62	1	10	3.9
E2	1	308	68	65	3	13	5.04
E3	1	308	67	64	3	11	2.78
E4	1	308	69	68	1	9	4.91
E5	1	308	55	49	6	9	2.48
E6	1	308	54	51	3	13	5.56
E7	1	308	53	50	3	9	3.4
E8	1	308	52	50	2	15	4.72
E1	2	308	64	61	3	9	3.17
E2	2	308	67	64	3	21	8.19
E3	2	308	71	68	3	14	4.08
E5	2	308	52	49	3	12	3.29
E6	2	308	53	50	3	16	6.95
E7	2	308	53	50	3	14	4.68
E1	3	308	65	62	3	13	4.83
E3	3	308	70	66	4	15	0.59
E7	3	308	55	51	4	19	4.85